"Time"	"1 highgain"	"SEM"
-0.005000	-0.155325	0.013989
-0.004950	-0.154953	0.0140945
-0.004900	-0.154181	0.0140023
-0.004850	-0.154266	0.0141493
-0.004800	-0.154991	0.0141102
-0.004750	-0.153008	0.0139778
-0.004700	-0.152578	0.0138705
-0.004650	-0.154648	0.0140154
-0.004600	-0.154343	0.0141702
-0.004550	-0.154305	0.0141054
-0.004500	-0.152159	0.0140785
-0.004450	-0.151558	0.014137
-0.004400	-0.153303	0.0142098
-0.004350	-0.153589	0.0141714
-0.004300	-0.152636	0.0141463
-0.004250	-0.153437	0.0141559
-0.004200	-0.15358	0.0141463
-0.004150	-0.154123	0.0141786
-0.004100	-0.154562	0.0141619
-0.004050	-0.153971	0.0141572
-0.004000	-0.153494	0.0141652
-0.003950	-0.154228	0.014152
-0.003900	-0.153923	0.0141558
-0.003850	-0.154057	0.0141991
-0.003800	-0.154467	0.014329
-0.003750	-0.155048	0.0143377
-0.003700	-0.153418	0.0143846
-0.003650	-0.153217	0.0144011
-0.003600	-0.154333	0.0143239
-0.003550	-0.152378	0.0142758
-0.003500	-0.152807	0.0141612
-0.003450	-0.152645	0.0141979
-0.003400	-0.153761	0.0142095
-0.003350	-0.154257	0.0141834
-0.003300	-0.154667	0.0141632
-0.003250	-0.153847	0.0142387
-0.003200	-0.153675	0.0141937
-0.003150	-0.154839	0.0142189
-0.003100	-0.155811	0.0141886
-0.003050	-0.155363	0.0142381
-0.003000	-0.155106	0.0142433
-0.002950	-0.15624	0.0144231
-0.002900	-0.156326	0.0144831
-0.002850	-0.156679	0.0144477
-0.002800	-0.155916	0.0143658
-0.002750	-0.156403	0.0144134
-0.002700	-0.156851	0.0144688
-0.002650	-0.155573	0.0145334
-0.002600	-0.154562	0.0143808
-0.002550	-0.155792	0.0143342
-0.002500	-0.157089	0.0142571
-0.002450	-0.156345	0.0142555
-0.002400	-0.155258	0.0143009
-0.002350	-0.156403	0.0144594
-0.002300	-0.15625	0.0143999
-0.002250	-0.155268	0.0143912
-0.002200	-0.155602	0.0143345
-0.002150	-0.155935	0.0144466
-0.002100	-0.154686	0.0144257
-0.002050	-0.153675	0.014427
-0.002000	-0.154724	0.0143752
-0.001950	-0.154419	0.014379
-0.001900	-0.152826	0.0143282
-0.001850	-0.152969	0.0143018
-0.001800	-0.151567	0.0143147
-0.001750	-0.151615	0.0144343
-0.001700	-0.150585	0.0144746
-0.001650	-0.152187	0.0145891
-0.001600	-0.152311	0.0144861
-0.001550	-0.15233	0.0143795
-0.001500	-0.15234	0.0144228
-0.001450	-0.153933	0.0143583
-0.001400	-0.155039	0.0143332
-0.001350	-0.154476	0.0142306
-0.001300	-0.15419	0.0143196
-0.001250	-0.153131	0.014284
-0.001200	-0.151825	0.0142585
-0.001150	-0.15233	0.0141826
-0.001100	-0.153532	0.0141983
-0.001050	-0.153236	0.0141941
-0.001000	-0.153246	0.0142284
-0.000950	-0.152578	0.014257
-0.000900	-0.153284	0.0142428
-0.000850	-0.152369	0.0143967
-0.000800	-0.152845	0.0143697
-0.000750	-0.153322	0.0142272
-0.000700	-0.152016	0.0142804
-0.000650	-0.151052	0.0141936
-0.000600	-0.151749	0.0142297
-0.000550	-0.153952	0.0142344
-0.000500	-0.153484	0.0142704
-0.000450	-0.151711	0.0141779
-0.000400	-0.152025	0.0141667
-0.000350	-0.152531	0.014142
-0.000300	-0.15336	0.0141042
-0.000250	-0.154295	0.0140959
-0.000200	-0.153999	0.0141305
-0.000150	-0.154181	0.0140764
-0.000100	-0.155048	0.0138978
-0.000050	-0.153646	0.0139919
0.000000	-0.154867	0.0140612
0.000050	-0.155554	0.0141058
0.000100	-0.155449	0.0140315
0.000150	-0.156698	0.0139083
0.000200	-0.156813	0.0139437
0.000250	-0.156088	0.0140508
0.000300	-0.155239	0.014073
0.000350	-0.15399	0.0139737
0.000400	-0.153809	0.0141662
0.000450	-0.153751	0.0139369
0.000500	-0.155439	0.0138251
0.000550	-0.1544	0.0138875
0.000600	-0.155516	0.0139672
0.000650	-0.156469	0.0139944
0.000700	-0.156107	0.0140014
0.000750	-0.156574	0.0140498
0.000800	-0.155716	0.0138855
0.000850	-0.156717	0.0138953
0.000900	-0.155926	0.0139298
0.000950	-0.156994	0.0138201
0.001000	-0.156918	0.0137971
0.001050	-0.156517	0.0137933
0.001100	-0.156107	0.013819
0.001150	-0.156555	0.0137843
0.001200	-0.156498	0.0137647
0.001250	-0.156412	0.0137604
0.001300	-0.157957	0.0136842
0.001350	-0.15873	0.0136285
0.001400	-0.157204	0.013604
0.001450	-0.157938	0.0136761
0.001500	-0.157557	0.0136176
0.001550	-0.155983	0.0135304
0.001600	-0.158691	0.01356
0.001650	-0.158539	0.013509
0.001700	-0.159216	0.0134415
0.001750	-0.158615	0.0134188
0.001800	-0.157461	0.0133593
0.001850	-0.157928	0.0133925
0.001900	-0.158262	0.0134535
0.001950	-0.158129	0.0134367
0.002000	-0.158606	0.0133844
0.002050	-0.159683	0.0133138
0.002100	-0.160122	0.0133818
0.002150	-0.160341	0.0133491
0.002200	-0.160637	0.0133135
0.002250	-0.159311	0.0133782
0.002300	-0.159531	0.0133013
0.002350	-0.159903	0.0133159
0.002400	-0.160837	0.0132759
0.002450	-0.160093	0.0131957
0.002500	-0.160389	0.0131471
0.002550	-0.15933	0.0132204
0.002600	-0.160942	0.0131939
0.002650	-0.160818	0.0130752
0.002700	-0.160408	0.0129764
0.002750	-0.159712	0.0129222
0.002800	-0.158949	0.0129689
0.002850	-0.158463	0.0130711
0.002900	-0.159044	0.0130597
0.002950	-0.158415	0.0130039
0.003000	-0.156918	0.0128759
0.003050	-0.156736	0.0129102
0.003100	-0.158892	0.012972
0.003150	-0.157967	0.0130493
0.003200	-0.157881	0.0130404
0.003250	-0.15769	0.01289
0.003300	-0.158567	0.0128896
0.003350	-0.157356	0.013012
0.003400	-0.157442	0.013072
0.003450	-0.160608	0.0130052
0.003500	-0.160151	0.0129926
0.003550	-0.159588	0.0130709
0.003600	-0.159416	0.0130064
0.003650	-0.158186	0.0130154
0.003700	-0.158672	0.0129681
0.003750	-0.158186	0.012862
0.003800	-0.157776	0.0128708
0.003850	-0.158501	0.0129477
0.003900	-0.158443	0.0127982
0.003950	-0.159273	0.0128057
0.004000	-0.159044	0.0128485
0.004050	-0.159349	0.0129275
0.004100	-0.158834	0.0129328
0.004150	-0.158978	0.0128454
0.004200	-0.160885	0.0127832
0.004250	-0.160894	0.012792
0.004300	-0.159864	0.0126592
0.004350	-0.160933	0.0126363
0.004400	-0.161543	0.0124698
0.004450	-0.162687	0.012486
0.004500	-0.161266	0.0127256
0.004550	-0.163069	0.0126591
0.004600	-0.163336	0.0126114
0.004650	-0.163202	0.012591
0.004700	-0.162268	0.0126455
0.004750	-0.162497	0.0125666
0.004800	-0.16243	0.0124988
0.004850	-0.163126	0.0123448
0.004900	-0.162582	0.0123378
0.004950	-0.163889	0.0123062
0.005000	-0.163403	0.0122004
0.005050	-0.16283	0.0122442
0.005100	-0.16407	0.0122009
0.005150	-0.165119	0.0122586
0.005200	-0.165396	0.0121861
0.005250	-0.164204	0.012192
0.005300	-0.163212	0.0122454
0.005350	-0.398903	0.0266176
0.005400	-1.19854	0.0129206
0.005450	-1.23758	0.0121288
0.005500	-1.3153	0.0122175
0.005550	-1.29809	0.0166895
0.005600	-0.509501	0.0165945
0.005650	-0.437698	0.012083
0.005700	-0.402994	0.0123122
0.005750	-0.340786	0.0121908
0.005800	-0.297155	0.0120363
0.005850	-0.270834	0.0119713
0.005900	-0.255823	0.0119078
0.005950	-0.245819	0.0119163
0.006000	-0.237684	0.0118547
0.006050	-0.23366	0.0118974
0.006100	-0.229025	0.01188
0.006150	-0.226765	0.0118183
0.006200	-0.221243	0.0116984
0.006250	-0.217428	0.0116754
0.006300	-0.214872	0.0117289
0.006350	-0.214949	0.0116538
0.006400	-0.210733	0.0116695
0.006450	-0.208845	0.0116116
0.006500	-0.206738	0.0117211
0.006550	-0.204248	0.0117457
0.006600	-0.201254	0.0116969
0.006650	-0.197706	0.0117367
0.006700	-0.191402	0.0115452
0.006750	-0.186663	0.0115503
0.006800	-0.183096	0.0116024
0.006850	-0.181351	0.0117206
0.006900	-0.179834	0.0117374
0.006950	-0.179157	0.0116154
0.007000	-0.179758	0.0116395
0.007050	-0.18343	0.0116038
0.007100	-0.188179	0.01163
0.007150	-0.191851	0.0116101
0.007200	-0.193176	0.0115895
0.007250	-0.193033	0.0114981
0.007300	-0.192003	0.0114977
0.007350	-0.19001	0.0114053
0.007400	-0.187111	0.0114175
0.007450	-0.183964	0.0115263
0.007500	-0.191946	0.0114814
0.007550	-0.196676	0.0113998
0.007600	-0.195217	0.0113894
0.007650	-0.190544	0.0114157
0.007700	-0.188627	0.0114149
0.007750	-0.186872	0.0113831
0.007800	-0.185137	0.0115148
0.007850	-0.186872	0.0115111
0.007900	-0.188322	0.0115585
0.007950	-0.188255	0.0115412
0.008000	-0.188274	0.0114523
0.008050	-0.186977	0.0114279
0.008100	-0.183935	0.0114156
0.008150	-0.181627	0.0113528
0.008200	-0.183916	0.0114064
0.008250	-0.189505	0.0113653
0.008300	-0.194798	0.0112846
0.008350	-0.197115	0.0113643
0.008400	-0.204	0.0112708
0.008450	-0.214539	0.0112474
0.008500	-0.222502	0.0113187
0.008550	-0.22809	0.0112675
0.008600	-0.229044	0.0112042
0.008650	-0.233946	0.0112502
0.008700	-0.240765	0.0110576
0.008750	-0.252962	0.0110174
0.008800	-0.27504	0.0109502
0.008850	-0.300779	0.0112811
0.008900	-0.318556	0.0115314
0.008950	-0.325212	0.0114476
0.009000	-0.333261	0.0111565
0.009050	-0.354433	0.0110457
0.009100	-0.386763	0.0110563
0.009150	-0.408926	0.0113062
0.009200	-0.401897	0.0114431
0.009250	-0.376396	0.0113234
0.009300	-0.348644	0.0112314
0.009350	-0.322723	0.0110832
0.009400	-0.304232	0.0108961
0.009450	-0.295763	0.0106092
0.009500	-0.2987	0.0107234
0.009550	-0.305538	0.0108789
0.009600	-0.316038	0.0109839
0.009650	-0.326262	0.0111342
0.009700	-0.330391	0.0110428
0.009750	-0.333948	0.0110403
0.009800	-0.339451	0.0111276
0.009850	-0.348425	0.0109856
0.009900	-0.359602	0.0107432
0.009950	-0.368385	0.0106985
0.010000	-0.380726	0.0105336
0.010050	-0.392828	0.0106922
0.010100	-0.403919	0.010981
0.010150	-0.415583	0.0109391
0.010200	-0.426321	0.0109395
0.010250	-0.43582	0.0109717
0.010300	-0.440178	0.0110981
0.010350	-0.447588	0.0108506
0.010400	-0.454769	0.0107834
0.010450	-0.459461	0.0107316
0.010500	-0.459127	0.0109635
0.010550	-0.455914	0.0110508
0.010600	-0.452328	0.0109491
0.010650	-0.447578	0.0109038
0.010700	-0.445709	0.0109185
0.010750	-0.441809	0.0109636
0.010800	-0.441074	0.0111287
0.010850	-0.439615	0.0109544
0.010900	-0.436563	0.0107988
0.010950	-0.430393	0.010755
0.011000	-0.427647	0.0106521
0.011050	-0.422754	0.0107248
0.011100	-0.41646	0.0106857
0.011150	-0.408993	0.010654
0.011200	-0.399609	0.010599
0.011250	-0.390682	0.0105093
0.011300	-0.382853	0.0102923
0.011350	-0.375137	0.0104458
0.011400	-0.36747	0.0109336
0.011450	-0.360737	0.0112291
0.011500	-0.356121	0.0110616
0.011550	-0.351744	0.011068
0.011600	-0.347395	0.0109865
0.011650	-0.338802	0.010913
0.011700	-0.331068	0.0106094
0.011750	-0.327444	0.0105343
0.011800	-0.319052	0.0106225
0.011850	-0.311432	0.0105207
0.011900	-0.304871	0.0105093
0.011950	-0.300941	0.0105954
0.012000	-0.293427	0.0108668
0.012050	-0.287542	0.0108493
0.012100	-0.279722	0.0109572
0.012150	-0.273256	0.0109327
0.012200	-0.2666	0.0110382
0.012250	-0.260601	0.0108961
0.012300	-0.255651	0.0105761
0.012350	-0.249624	0.0104587
0.012400	-0.244207	0.0105742
0.012450	-0.237656	0.0106937
0.012500	-0.234575	0.010865
0.012550	-0.232229	0.010966
0.012600	-0.228233	0.0108964
0.012650	-0.222225	0.0109099
0.012700	-0.21533	0.0109606
0.012750	-0.209789	0.0111114
0.012800	-0.202589	0.0110166
0.012850	-0.196829	0.0108422
0.012900	-0.191116	0.0106119
0.012950	-0.185843	0.0106884
0.013000	-0.180721	0.0108835
0.013050	-0.177011	0.0110137
0.013100	-0.173512	0.0108899
0.013150	-0.172606	0.0107106
0.013200	-0.171032	0.0106677
0.013250	-0.171452	0.0107314
0.013300	-0.16757	0.0107879
0.013350	-0.166245	0.010854
0.013400	-0.163307	0.0109016
0.013450	-0.16098	0.0110577
0.013500	-0.157747	0.0110236
0.013550	-0.154371	0.0109079
0.013600	-0.150042	0.0109524
0.013650	-0.145664	0.0109166
0.013700	-0.142851	0.0109308
0.013750	-0.139732	0.0110392
0.013800	-0.135145	0.0111104
0.013850	-0.133123	0.0111599
0.013900	-0.133286	0.0110237
0.013950	-0.129232	0.0108197
0.014000	-0.127897	0.0108927
0.014050	-0.124769	0.0110748
0.014100	-0.123901	0.0110144
0.014150	-0.122566	0.0109595
0.014200	-0.120096	0.0110882
0.014250	-0.118437	0.010961
0.014300	-0.117807	0.0109503
0.014350	-0.116882	0.010938
0.014400	-0.115471	0.0109943
0.014450	-0.112991	0.0109882
0.014500	-0.111761	0.0110163
0.014550	-0.1126	0.0109311
0.014600	-0.111876	0.0108273
0.014650	-0.110264	0.0109483
0.014700	-0.107927	0.0110069
0.014750	-0.104933	0.0112128
0.014800	-0.105286	0.0110911
0.014850	-0.103455	0.0110719
0.014900	-0.103559	0.0109355
0.014950	-0.104074	0.0108008
0.015000	-0.103626	0.0107893
0.015050	-0.103359	0.01096
0.015100	-0.104923	0.0109252
0.015150	-0.106192	0.0109777
0.015200	-0.104427	0.0110429
0.015250	-0.103741	0.0110235
0.015300	-0.104914	0.0110998
0.015350	-0.103502	0.0111131
0.015400	-0.103693	0.011027
0.015450	-0.103893	0.0109334
0.015500	-0.103807	0.0109818
0.015550	-0.104742	0.0109216
0.015600	-0.104742	0.0110487
0.015650	-0.10417	0.0110847
0.015700	-0.102539	0.0111283
0.015750	-0.100937	0.0112358
0.015800	-0.0993443	0.011229
0.015850	-0.0986767	0.0111566
0.015900	-0.0992393	0.0111866
0.015950	-0.099411	0.0110387
0.016000	-0.0990772	0.0110573
0.016050	-0.102367	0.0110185
0.016100	-0.101995	0.0109947
0.016150	-0.102806	0.0109558
0.016200	-0.10417	0.0109365
0.016250	-0.103817	0.0110572
0.016300	-0.104141	0.0110862
0.016350	-0.105324	0.0109833
0.016400	-0.104647	0.0109992
0.016450	-0.10601	0.0110563
0.016500	-0.105877	0.0111753
0.016550	-0.106258	0.0112682
0.016600	-0.106134	0.0111891
0.016650	-0.106449	0.0111531
0.016700	-0.106554	0.0110087
0.016750	-0.105858	0.0110804
0.016800	-0.106468	0.0111403
0.016850	-0.10848	0.0112856
0.016900	-0.108118	0.0113391
0.016950	-0.108938	0.0113086
0.017000	-0.107737	0.0112872
0.017050	-0.107517	0.0113094
0.017100	-0.107574	0.0112654
0.017150	-0.108633	0.0113765
0.017200	-0.109339	0.0114966
0.017250	-0.110636	0.0113856
0.017300	-0.109901	0.0113819
0.017350	-0.109644	0.011386
0.017400	-0.11117	0.0113819
0.017450	-0.110617	0.0113991
0.017500	-0.111523	0.0113242
0.017550	-0.112419	0.0113606
0.017600	-0.111837	0.0113213
0.017650	-0.113668	0.0113786
0.017700	-0.113163	0.0113715
0.017750	-0.113897	0.0114408
0.017800	-0.115566	0.0115371
0.017850	-0.117617	0.0114123
0.017900	-0.118761	0.0113703
0.017950	-0.117121	0.0114451
0.018000	-0.118141	0.0114585
0.018050	-0.12002	0.0114243
0.018100	-0.118999	0.0113891
0.018150	-0.120754	0.0112466
0.018200	-0.121183	0.0112552
0.018250	-0.12146	0.0112249
0.018300	-0.121908	0.0111747
0.018350	-0.123196	0.011208
0.018400	-0.123634	0.0112048
0.018450	-0.124378	0.0110642
0.018500	-0.125608	0.011128
0.018550	-0.125113	0.0112214
0.018600	-0.126534	0.0111748
0.018650	-0.12538	0.0111595
0.018700	-0.124741	0.011109
0.018750	-0.12661	0.0110403
0.018800	-0.128527	0.0111087
0.018850	-0.131083	0.0111473
0.018900	-0.131187	0.0110494
0.018950	-0.129538	0.0110433
0.019000	-0.130835	0.0109692
0.019050	-0.131493	0.0111133
0.019100	-0.131016	0.0110957
0.019150	-0.131121	0.0109493
0.019200	-0.131636	0.010929
0.019250	-0.132504	0.0108449
0.019300	-0.134735	0.010929
0.019350	-0.136347	0.0111325
0.019400	-0.136995	0.0111098
0.019450	-0.136967	0.0110703
0.019500	-0.137463	0.0110382
0.019550	-0.138693	0.0109773
0.019600	-0.138903	0.0110005
0.019650	-0.14101	0.0110555
0.019700	-0.138378	0.0112009
0.019750	-0.137691	0.0112011
0.019800	-0.138483	0.0111512
0.019850	-0.140066	0.0110754
0.019900	-0.141668	0.0111038
0.019950	-0.142164	0.0111004
0.020000	-0.140753	0.011098
0.020050	-0.1406	0.0112183
0.020100	-0.140572	0.0111612
0.020150	-0.141258	0.0111545
0.020200	-0.141277	0.0112978
0.020250	-0.140514	0.0113168
0.020300	-0.140743	0.0112592
0.020350	-0.141993	0.0113558
0.020400	-0.143013	0.0113972
0.020450	-0.143681	0.0113442
0.020500	-0.143213	0.011338
0.020550	-0.141163	0.0113566
0.020600	-0.140848	0.0114109
0.020650	-0.142593	0.011346
0.020700	-0.145388	0.0113656
0.020750	-0.145988	0.011321
0.020800	-0.14575	0.011411
0.020850	-0.146446	0.0114897
0.020900	-0.146646	0.0114017
0.020950	-0.145731	0.0113887
0.021000	-0.1472	0.0114199
0.021050	-0.147343	0.0114993
0.021100	-0.149021	0.0115055
0.021150	-0.149212	0.0114914
0.021200	-0.14842	0.0113535
0.021250	-0.14967	0.0114911
0.021300	-0.150118	0.0115815
0.021350	-0.14967	0.0116719
0.021400	-0.149765	0.011727
0.021450	-0.150948	0.0116406
0.021500	-0.15213	0.0115761
0.021550	-0.151234	0.0115385
0.021600	-0.150576	0.0116266
0.021650	-0.150385	0.0116636
0.021700	-0.153646	0.0116317
0.021750	-0.154047	0.0117018
0.021800	-0.153074	0.0117106
0.021850	-0.154123	0.0116658
0.021900	-0.154104	0.0116584
0.021950	-0.154257	0.01164
0.022000	-0.155334	0.0117509
0.022050	-0.154953	0.0119022
0.022100	-0.154114	0.0118467
0.022150	-0.153646	0.0119318
0.022200	-0.154238	0.01198
0.022250	-0.156279	0.0119257
0.022300	-0.156507	0.0117724
0.022350	-0.155754	0.0117635
0.022400	-0.155554	0.0117808
0.022450	-0.155449	0.0118043
0.022500	-0.156689	0.0118664
0.022550	-0.156736	0.0119093
0.022600	-0.15605	0.0119065
0.022650	-0.155563	0.012014
0.022700	-0.155487	0.012167
0.022750	-0.155115	0.0122445
0.022800	-0.154905	0.0121834
0.022850	-0.15481	0.0122244
0.022900	-0.153599	0.0122201
0.022950	-0.153046	0.0123467
0.023000	-0.15295	0.0123809
0.023050	-0.152006	0.0124975
0.023100	-0.151825	0.012444
0.023150	-0.153198	0.0123581
0.023200	-0.153837	0.0123531
0.023250	-0.153589	0.0123593
0.023300	-0.153837	0.0124008
0.023350	-0.153742	0.0123587
0.023400	-0.152683	0.0124796
0.023450	-0.154085	0.0125922
0.023500	-0.153141	0.0125227
0.023550	-0.15296	0.0126277
0.023600	-0.152807	0.0126629
0.023650	-0.151224	0.0127021
0.023700	-0.151968	0.0128248
0.023750	-0.152855	0.0127221
0.023800	-0.153246	0.0126914
0.023850	-0.153742	0.0128154
0.023900	-0.15337	0.0128276
0.023950	-0.153179	0.0129282
0.024000	-0.153627	0.0129273
0.024050	-0.153379	0.0128642
0.024100	-0.152988	0.0128734
0.024150	-0.152264	0.0130117
0.024200	-0.152664	0.0130189
0.024250	-0.15192	0.0130227
0.024300	-0.152225	0.012966
0.024350	-0.153627	0.0130285
0.024400	-0.152512	0.0131464
0.024450	-0.153522	0.0130831
0.024500	-0.156946	0.0131265
0.024550	-0.155487	0.0130525
0.024600	-0.153999	0.0130522
0.024650	-0.154629	0.0130036
0.024700	-0.153751	0.0129959
0.024750	-0.153522	0.0130467
0.024800	-0.155277	0.0131499
0.024850	-0.15502	0.0131876
0.024900	-0.154905	0.0132707
0.024950	-0.154963	0.013379
0.025000	-0.156841	0.0132709
0.025050	-0.158081	0.0132177
0.025100	-0.156755	0.0132159
0.025150	-0.156717	0.0130595
0.025200	-0.155334	0.0131896
0.025250	-0.155678	0.0129315
0.025300	-0.155878	0.0129672
0.025350	-0.158052	0.0128419
0.025400	-0.157356	0.0129075
0.025450	-0.156021	0.0130308
0.025500	-0.154009	0.0130097
0.025550	-0.154514	0.013008
0.025600	-0.155926	0.0130589
0.025650	-0.156069	0.0130551
0.025700	-0.15604	0.0131163
0.025750	-0.155573	0.0130601
0.025800	-0.156527	0.0129995
0.025850	-0.156755	0.0130159
0.025900	-0.156889	0.0130825
0.025950	-0.156145	0.0131404
0.026000	-0.158033	0.0132013
0.026050	-0.157595	0.0130747
0.026100	-0.157747	0.0130756
0.026150	-0.157518	0.0131203
0.026200	-0.157061	0.0131189
0.026250	-0.157385	0.0131016
0.026300	-0.159245	0.0130526
0.026350	-0.159893	0.013094
0.026400	-0.159769	0.0130195
0.026450	-0.158329	0.0130476
0.026500	-0.158434	0.0130927
0.026550	-0.158405	0.0130127
0.026600	-0.159273	0.0129823
0.026650	-0.161572	0.013084
0.026700	-0.1612	0.0130292
0.026750	-0.16161	0.0130408
0.026800	-0.160828	0.0130276
0.026850	-0.159979	0.0129835
0.026900	-0.160627	0.01302
0.026950	-0.160742	0.0129956
0.027000	-0.160398	0.0128701
0.027050	-0.160599	0.0127733
0.027100	-0.162411	0.0127181
0.027150	-0.162277	0.0127519
0.027200	-0.161705	0.01274
0.027250	-0.161905	0.0127357
0.027300	-0.161924	0.0128312
0.027350	-0.163317	0.0127494
0.027400	-0.164509	0.0128726
0.027450	-0.162573	0.0126612
0.027500	-0.162973	0.0125652
0.027550	-0.164251	0.012662
0.027600	-0.165424	0.0126383
0.027650	-0.165911	0.0127204
0.027700	-0.164614	0.0126728
0.027750	-0.16552	0.0127226
0.027800	-0.165415	0.0126875
0.027850	-0.166349	0.012723
0.027900	-0.165071	0.0127666
0.027950	-0.165825	0.0127005
0.028000	-0.167303	0.0127284
0.028050	-0.167065	0.0128153
0.028100	-0.167036	0.0127878
0.028150	-0.166864	0.0127693
0.028200	-0.166168	0.012723
0.028250	-0.165796	0.0126675
0.028300	-0.165167	0.0126789
0.028350	-0.165863	0.0127338
0.028400	-0.166626	0.0127542
0.028450	-0.16552	0.0127997
0.028500	-0.164938	0.0128587
0.028550	-0.163965	0.0128558
0.028600	-0.164185	0.0127805
0.028650	-0.165167	0.0127742
0.028700	-0.167189	0.0127053
0.028750	-0.166721	0.0127224
0.028800	-0.166798	0.0126501
0.028850	-0.167437	0.0126381
0.028900	-0.167093	0.0126977
0.028950	-0.167027	0.0127169
0.029000	-0.166264	0.0126304
0.029050	-0.165739	0.0126928
0.029100	-0.166121	0.0126929
0.029150	-0.166264	0.0127321
0.029200	-0.16592	0.0126959
0.029250	-0.16613	0.0125291
0.029300	-0.166779	0.0125716
0.029350	-0.16758	0.0125923
0.029400	-0.16758	0.0125966
0.029450	-0.168066	0.0126365
0.029500	-0.166197	0.0125842
0.029550	-0.168829	0.012687
0.029600	-0.1686	0.0126905
0.029650	-0.169611	0.0126008
0.029700	-0.167532	0.0125231
0.029750	-0.166426	0.012547
0.029800	-0.166531	0.0125262
0.029850	-0.166588	0.0125746
0.029900	-0.168152	0.0125131
0.029950	-0.169411	0.0125261
0.030000	-0.170145	0.0125251
0.030050	-0.169163	0.0126384
0.030100	-0.169811	0.0125609
0.030150	-0.16964	0.0125944
0.030200	-0.169525	0.0126106
0.030250	-0.169191	0.0125051
0.030300	-0.170145	0.0125492
0.030350	-0.171032	0.0125188
0.030400	-0.169878	0.0125057
0.030450	-0.168686	0.0124321
0.030500	-0.170774	0.0124046
0.030550	-0.171013	0.0123869
0.030600	-0.171709	0.0125183
0.030650	-0.170774	0.01246
0.030700	-0.169239	0.0124081
0.030750	-0.170841	0.0124894
0.030800	-0.170565	0.0124723
0.030850	-0.170908	0.0125053
0.030900	-0.169296	0.0124836
0.030950	-0.170212	0.0123291
0.031000	-0.170774	0.0125223
0.031050	-0.169964	0.0124931
0.031100	-0.17005	0.0124186
0.031150	-0.171509	0.012409
0.031200	-0.171471	0.0124531
0.031250	-0.172091	0.0124162
0.031300	-0.172043	0.0123158
0.031350	-0.171671	0.0121965
0.031400	-0.171766	0.012289
0.031450	-0.172615	0.0122819
0.031500	-0.171566	0.0122246
0.031550	-0.171919	0.0122151
0.031600	-0.17087	0.0121787
0.031650	-0.170488	0.0122454
0.031700	-0.171099	0.0121326
0.031750	-0.171652	0.012175
0.031800	-0.171347	0.0121623
0.031850	-0.169945	0.0121347
0.031900	-0.171204	0.0120138
0.031950	-0.172167	0.0119837
0.032000	-0.172615	0.0119702
0.032050	-0.173035	0.011992
0.032100	-0.173302	0.0120741
0.032150	-0.173655	0.0120319
0.032200	-0.174265	0.0120654
0.032250	-0.17374	0.0120609
0.032300	-0.173702	0.0120464
0.032350	-0.17436	0.0119943
0.032400	-0.173512	0.0119653
0.032450	-0.173798	0.0117746
0.032500	-0.174923	0.0117523
0.032550	-0.174227	0.0118052
0.032600	-0.173092	0.0118572
0.032650	-0.174847	0.011785
0.032700	-0.174141	0.0118028
0.032750	-0.174885	0.0118742
0.032800	-0.175114	0.0118797
0.032850	-0.176706	0.0118731
0.032900	-0.17745	0.0119982
0.032950	-0.175734	0.0119116
0.033000	-0.176477	0.0117449
0.033050	-0.175867	0.0116387
0.033100	-0.175905	0.0116373
0.033150	-0.175467	0.0117706
0.033200	-0.178337	0.0116965
0.033250	-0.177956	0.0116928
0.033300	-0.177355	0.0117168
0.033350	-0.177975	0.0117124
0.033400	-0.177774	0.0117903
0.033450	-0.178843	0.0117551
0.033500	-0.178556	0.0116546
0.033550	-0.178347	0.0114589
0.033600	-0.177708	0.011406
0.033650	-0.178747	0.0113649
0.033700	-0.17972	0.0113122
0.033750	-0.179987	0.0114716
0.033800	-0.179863	0.0115336
0.033850	-0.179844	0.0114656
0.033900	-0.180349	0.0113681
0.033950	-0.180521	0.0115057
0.034000	-0.180368	0.0114076
0.034050	-0.178871	0.0114138
0.034100	-0.178328	0.0114417
0.034150	-0.178862	0.0113238
0.034200	-0.179081	0.0113357
0.034250	-0.18115	0.0113418
0.034300	-0.18115	0.0112286
0.034350	-0.180521	0.0112729
0.034400	-0.180359	0.0111795
0.034450	-0.182362	0.0112345
0.034500	-0.183096	0.0113526
0.034550	-0.182161	0.0113021
0.034600	-0.182571	0.0111306
0.034650	-0.182705	0.0110525
0.034700	-0.182009	0.0110196
0.034750	-0.184622	0.0110197
0.034800	-0.184889	0.0111254
0.034850	-0.183067	0.0111029
0.034900	-0.183792	0.0110326
0.034950	-0.183744	0.0109706
0.035000	-0.183592	0.0110244
0.035050	-0.183487	0.0109049
0.035100	-0.184164	0.0108895
0.035150	-0.184507	0.0107518
0.035200	-0.185804	0.0107559
0.035250	-0.183554	0.01079
0.035300	-0.184021	0.0106986
0.035350	-0.183897	0.0106064
0.035400	-0.182924	0.0106916
0.035450	-0.184259	0.0106517
0.035500	-0.184622	0.0105903
0.035550	-0.185947	0.0106462
0.035600	-0.186996	0.0105349
0.035650	-0.186195	0.0104445
0.035700	-0.18672	0.0104906
0.035750	-0.188198	0.0105536
0.035800	-0.18858	0.01057
0.035850	-0.188847	0.0103641
0.035900	-0.187998	0.0103098
0.035950	-0.187759	0.0104082
0.036000	-0.187378	0.0105078
0.036050	-0.190563	0.0104821
0.036100	-0.190077	0.0104016
0.036150	-0.190048	0.0103506
0.036200	-0.189295	0.0103198
0.036250	-0.189743	0.0103636
0.036300	-0.190573	0.010222
0.036350	-0.190449	0.0101821
0.036400	-0.190353	0.0102205
0.036450	-0.19165	0.0102399
0.036500	-0.190935	0.0101325
0.036550	-0.189619	0.0101126
0.036600	-0.190039	0.010054
0.036650	-0.19042	0.00995389
0.036700	-0.191975	0.00997328
0.036750	-0.192184	0.0102623
0.036800	-0.191622	0.0102746
0.036850	-0.194016	0.0102049
0.036900	-0.193176	0.0101973
0.036950	-0.191498	0.0101535
0.037000	-0.191689	0.0100706
0.037050	-0.192299	0.0100235
0.037100	-0.192623	0.0100412
0.037150	-0.19187	0.0100764
0.037200	-0.190763	0.00999969
0.037250	-0.190668	0.00997965
0.037300	-0.193396	0.00997097
0.037350	-0.193939	0.00984176
0.037400	-0.192547	0.00993274
0.037450	-0.192814	0.00984697
0.037500	-0.194101	0.00988685
0.037550	-0.192327	0.00973758
0.037600	-0.192595	0.00969014
0.037650	-0.193548	0.00971901
0.037700	-0.192585	0.0097468
0.037750	-0.193186	0.00966448
0.037800	-0.194969	0.00954073
0.037850	-0.194721	0.00947587
0.037900	-0.194798	0.00940141
0.037950	-0.193596	0.00949823
0.038000	-0.193949	0.00952581
0.038050	-0.194921	0.00948144
0.038100	-0.195274	0.00945271
0.038150	-0.194159	0.00943121
0.038200	-0.194798	0.009304
0.038250	-0.196562	0.00944368
0.038300	-0.196314	0.0094252
0.038350	-0.196562	0.00933447
0.038400	-0.195713	0.00928819
0.038450	-0.196085	0.00935803
0.038500	-0.194893	0.00925839
0.038550	-0.195246	0.0092568
0.038600	-0.195942	0.00925918
0.038650	-0.195246	0.00922533
0.038700	-0.195484	0.00915001
0.038750	-0.195885	0.00900397
0.038800	-0.19721	0.0089109
0.038850	-0.195704	0.0088835
0.038900	-0.197392	0.00898499
0.038950	-0.195313	0.00900182
0.039000	-0.197201	0.00899702
0.039050	-0.19886	0.00896588
0.039100	-0.197926	0.00891913
0.039150	-0.197878	0.0088722
0.039200	-0.198355	0.00888529
0.039250	-0.199699	0.00884508
0.039300	-0.1999	0.00870191
0.039350	-0.199318	0.00876639
0.039400	-0.198822	0.00865986
0.039450	-0.199099	0.00874318
0.039500	-0.198116	0.00873056
0.039550	-0.197468	0.00859817
0.039600	-0.197315	0.00854558
0.039650	-0.199032	0.00850608
0.039700	-0.199499	0.00837439
0.039750	-0.20092	0.00831745
0.039800	-0.201015	0.00827487
0.039850	-0.200567	0.00828904
0.039900	-0.198736	0.00839213
0.039950	-0.198336	0.00827563
0.040000	-0.199261	0.0082047
0.040050	-0.200481	0.00817494
0.040100	-0.200586	0.00811166
0.040150	-0.200949	0.00800621
0.040200	-0.199957	0.00804713
0.040250	-0.199919	0.00819287
0.040300	-0.201159	0.00809289
0.040350	-0.198689	0.00810286
0.040400	-0.199232	0.0080136
0.040450	-0.200415	0.0081048
0.040500	-0.200729	0.00810121
0.040550	-0.201311	0.0081312
0.040600	-0.20071	0.00804307
0.040650	-0.200977	0.00804634
0.040700	-0.203276	0.00787288
0.040750	-0.203733	0.00782733
0.040800	-0.203533	0.0078359
0.040850	-0.203838	0.00781767
0.040900	-0.203438	0.0078693
0.040950	-0.203323	0.0079128
0.041000	-0.203142	0.00786081
0.041050	-0.203304	0.0077857
0.041100	-0.202436	0.00779028
0.041150	-0.202522	0.00777271
0.041200	-0.202627	0.00769813
0.041250	-0.203028	0.00762336
0.041300	-0.203972	0.00760194
0.041350	-0.203762	0.00751929
0.041400	-0.203714	0.00740874
0.041450	-0.203733	0.00742733
0.041500	-0.203295	0.00761266
0.041550	-0.203037	0.00769291
0.041600	-0.204792	0.0075411
0.041650	-0.207167	0.00745896
0.041700	-0.204353	0.00735254
0.041750	-0.204363	0.00747714
0.041800	-0.205002	0.00764656
0.041850	-0.204325	0.00755509
0.041900	-0.204325	0.007427
0.041950	-0.20462	0.00736725
0.042000	-0.205021	0.00738075
0.042050	-0.206003	0.00728659
0.042100	-0.206442	0.00732528
0.042150	-0.205936	0.00732499
0.042200	-0.205688	0.00733927
0.042250	-0.205259	0.00720061
0.042300	-0.204773	0.00717095
0.042350	-0.204802	0.0071275
0.042400	-0.206118	0.00719508
0.042450	-0.206537	0.00711695
0.042500	-0.207291	0.00702072
0.042550	-0.205936	0.00694338
0.042600	-0.2069	0.0070068
0.042650	-0.207682	0.00692505
0.042700	-0.205946	0.0069134
0.042750	-0.205297	0.00694897
0.042800	-0.205679	0.00694321
0.042850	-0.206041	0.00698897
0.042900	-0.206203	0.00698623
0.042950	-0.206127	0.00690587
0.043000	-0.20648	0.00681688
0.043050	-0.206633	0.00679053
0.043100	-0.206833	0.00677181
0.043150	-0.205793	0.00668099
0.043200	-0.206957	0.00676081
0.043250	-0.207624	0.00674907
0.043300	-0.209332	0.0067608
0.043350	-0.207796	0.00679012
0.043400	-0.20936	0.00681888
0.043450	-0.208254	0.00670815
0.043500	-0.207777	0.00661971
0.043550	-0.208874	0.0066659
0.043600	-0.208616	0.00663917
0.043650	-0.208073	0.00658922
0.043700	-0.208874	0.00659639
0.043750	-0.209246	0.00657626
0.043800	-0.208826	0.00665838
0.043850	-0.208864	0.00660691
0.043900	-0.207977	0.00659559
0.043950	-0.209665	0.00657154
0.044000	-0.210352	0.00660066
0.044050	-0.210361	0.00651132
0.044100	-0.210199	0.00651499
0.044150	-0.210905	0.00643648
0.044200	-0.211496	0.00637848
0.044250	-0.21081	0.00623048
0.044300	-0.210485	0.00642309
0.044350	-0.210218	0.006395
0.044400	-0.210247	0.0064038
0.044450	-0.211906	0.00643914
0.044500	-0.211363	0.00640458
0.044550	-0.212498	0.00631574
0.044600	-0.211601	0.00632212
0.044650	-0.210571	0.00638094
0.044700	-0.210896	0.00641773
0.044750	-0.211277	0.00628082
0.044800	-0.210009	0.00624738
0.044850	-0.210581	0.00633114
0.044900	-0.211105	0.00646865
0.044950	-0.210228	0.00638841
