"Time"	"1 highgain"	"SEM"
-0.005000	-0.15349	0.0141706
-0.004950	-0.152076	0.0141768
-0.004900	-0.153846	0.0141182
-0.004850	-0.155528	0.0140168
-0.004800	-0.156208	0.0141208
-0.004750	-0.156508	0.0141226
-0.004700	-0.155829	0.0140502
-0.004650	-0.15564	0.0139098
-0.004600	-0.155695	0.0141834
-0.004550	-0.156876	0.0141522
-0.004500	-0.156408	0.014203
-0.004450	-0.156241	0.0141157
-0.004400	-0.156052	0.0141122
-0.004350	-0.156442	0.0142891
-0.004300	-0.15868	0.01414
-0.004250	-0.159527	0.0141095
-0.004200	-0.157912	0.014049
-0.004150	-0.159694	0.0139183
-0.004100	-0.158112	0.0139193
-0.004050	-0.158101	0.0139936
-0.004000	-0.158424	0.013954
-0.003950	-0.157177	0.0140254
-0.003900	-0.15819	0.0138949
-0.003850	-0.158235	0.0139717
-0.003800	-0.159048	0.0139433
-0.003750	-0.158959	0.0139484
-0.003700	-0.157745	0.0139235
-0.003650	-0.157633	0.0139968
-0.003600	-0.158836	0.0141111
-0.003550	-0.158502	0.0141532
-0.003500	-0.160284	0.0140294
-0.003450	-0.161064	0.0140042
-0.003400	-0.160139	0.0139951
-0.003350	-0.159816	0.0138554
-0.003300	-0.160451	0.0140274
-0.003250	-0.159683	0.0140893
-0.003200	-0.160741	0.0139151
-0.003150	-0.160629	0.0138944
-0.003100	-0.15946	0.0140396
-0.003050	-0.159571	0.0140355
-0.003000	-0.161576	0.0140349
-0.002950	-0.162189	0.0139181
-0.002900	-0.161309	0.013798
-0.002850	-0.161064	0.0138191
-0.002800	-0.159772	0.0139835
-0.002750	-0.159839	0.0140453
-0.002700	-0.160629	0.0140018
-0.002650	-0.161008	0.0138947
-0.002600	-0.162623	0.0139248
-0.002550	-0.1622	0.0139945
-0.002500	-0.16152	0.013893
-0.002450	-0.161197	0.0139883
-0.002400	-0.161843	0.0140493
-0.002350	-0.160574	0.013895
-0.002300	-0.160106	0.0138968
-0.002250	-0.160206	0.0138599
-0.002200	-0.158836	0.0139189
-0.002150	-0.158769	0.0138358
-0.002100	-0.15936	0.0137025
-0.002050	-0.160551	0.0138291
-0.002000	-0.160451	0.0138404
-0.001950	-0.158803	0.0140241
-0.001900	-0.156397	0.0141402
-0.001850	-0.156642	0.0139804
-0.001800	-0.156085	0.0139348
-0.001750	-0.156575	0.0139162
-0.001700	-0.157678	0.0139019
-0.001650	-0.15838	0.0138968
-0.001600	-0.157823	0.0139063
-0.001550	-0.158914	0.0138929
-0.001500	-0.159939	0.0137624
-0.001450	-0.159995	0.0137424
-0.001400	-0.159159	0.0138479
-0.001350	-0.158892	0.0139479
-0.001300	-0.159126	0.0138892
-0.001250	-0.157689	0.0139834
-0.001200	-0.157321	0.0141036
-0.001150	-0.155974	0.0140121
-0.001100	-0.156152	0.0140174
-0.001050	-0.15731	0.0139673
-0.001000	-0.158769	0.0140989
-0.000950	-0.158803	0.0140762
-0.000900	-0.15917	0.0139324
-0.000850	-0.157166	0.013961
-0.000800	-0.155183	0.0139026
-0.000750	-0.15662	0.0139417
-0.000700	-0.156998	0.0138257
-0.000650	-0.159827	0.0136877
-0.000600	-0.1578	0.0137857
-0.000550	-0.157054	0.0139723
-0.000500	-0.156809	0.0137322
-0.000450	-0.156252	0.0136884
-0.000400	-0.158012	0.0137493
-0.000350	-0.157477	0.013709
-0.000300	-0.159126	0.0136671
-0.000250	-0.158279	0.0136532
-0.000200	-0.159159	0.0137795
-0.000150	-0.160596	0.0137469
-0.000100	-0.159995	0.013815
-0.000050	-0.161287	0.0139398
0.000000	-0.161799	0.0139971
0.000050	-0.160072	0.0139894
0.000100	-0.157589	0.0139894
0.000150	-0.159337	0.0140226
0.000200	-0.160217	0.0138812
0.000250	-0.16132	0.0138372
0.000300	-0.160184	0.0139698
0.000350	-0.162445	0.0138546
0.000400	-0.161186	0.0137843
0.000450	-0.158948	0.0138574
0.000500	-0.159527	0.0139308
0.000550	-0.159349	0.0139783
0.000600	-0.16015	0.0138562
0.000650	-0.159148	0.0139361
0.000700	-0.15907	0.0139254
0.000750	-0.158769	0.0140157
0.000800	-0.159605	0.0139748
0.000850	-0.158725	0.0139317
0.000900	-0.159749	0.0139803
0.000950	-0.160485	0.0140473
0.001000	-0.16093	0.0139666
0.001050	-0.161565	0.0139371
0.001100	-0.16132	0.0139554
0.001150	-0.160106	0.0137723
0.001200	-0.160785	0.0138487
0.001250	-0.162033	0.0137633
0.001300	-0.162022	0.0137455
0.001350	-0.162623	0.0137268
0.001400	-0.161108	0.0136975
0.001450	-0.161676	0.0136586
0.001500	-0.161431	0.0137016
0.001550	-0.16005	0.0134634
0.001600	-0.159137	0.0136254
0.001650	-0.160485	0.0136302
0.001700	-0.161064	0.0135648
0.001750	-0.160886	0.0134504
0.001800	-0.162534	0.0136201
0.001850	-0.163046	0.0137161
0.001900	-0.161754	0.0135663
0.001950	-0.160607	0.0135124
0.002000	-0.161732	0.0133786
0.002050	-0.1621	0.0133262
0.002100	-0.16338	0.0135579
0.002150	-0.162434	0.0134986
0.002200	-0.162979	0.0134281
0.002250	-0.165185	0.0133649
0.002300	-0.167412	0.0134446
0.002350	-0.16749	0.0133129
0.002400	-0.166265	0.013396
0.002450	-0.164929	0.0132719
0.002500	-0.164628	0.013171
0.002550	-0.165341	0.01317
0.002600	-0.165575	0.0131434
0.002650	-0.16573	0.0133241
0.002700	-0.165218	0.0132517
0.002750	-0.165619	0.0132701
0.002800	-0.165953	0.0131492
0.002850	-0.16543	0.0129618
0.002900	-0.165408	0.012975
0.002950	-0.166733	0.0129838
0.003000	-0.16631	0.0130382
0.003050	-0.167022	0.0129821
0.003100	-0.167201	0.0129202
0.003150	-0.167914	0.0127852
0.003200	-0.167078	0.0129285
0.003250	-0.165307	0.0129975
0.003300	-0.162968	0.0132409
0.003350	-0.163715	0.0132201
0.003400	-0.163302	0.0132125
0.003450	-0.164049	0.0131989
0.003500	-0.164271	0.0131468
0.003550	-0.165263	0.0129779
0.003600	-0.16445	0.0129599
0.003650	-0.164516	0.0130047
0.003700	-0.163993	0.0129805
0.003750	-0.163759	0.0130514
0.003800	-0.164093	0.0129863
0.003850	-0.163314	0.0129287
0.003900	-0.163848	0.012989
0.003950	-0.164639	0.0129977
0.004000	-0.165697	0.0129709
0.004050	-0.16504	0.0130197
0.004100	-0.164372	0.0129549
0.004150	-0.164594	0.0128364
0.004200	-0.164728	0.0128981
0.004250	-0.163826	0.0128888
0.004300	-0.164906	0.0129478
0.004350	-0.164661	0.0130018
0.004400	-0.163748	0.0129001
0.004450	-0.164695	0.0128622
0.004500	-0.165575	0.012824
0.004550	-0.165151	0.0128127
0.004600	-0.165641	0.0129422
0.004650	-0.167357	0.0131437
0.004700	-0.16661	0.0131091
0.004750	-0.16631	0.0130994
0.004800	-0.166098	0.0130109
0.004850	-0.166655	0.0130452
0.004900	-0.165886	0.0131671
0.004950	-0.167256	0.0131713
0.005000	-0.166555	0.0132191
0.005050	-0.164806	0.0130506
0.005100	-0.16396	0.0130277
0.005150	-0.16582	0.0131675
0.005200	-0.16651	0.0132651
0.005250	-0.16641	0.0129788
0.005300	-0.167067	0.0130879
0.005350	-0.43727	0.0306055
0.005400	-1.26446	0.0139794
0.005450	-1.30277	0.0129591
0.005500	-1.38779	0.0129605
0.005550	-1.35113	0.0209785
0.005600	-0.529046	0.0180285
0.005650	-0.462553	0.0129438
0.005700	-0.422479	0.0132045
0.005750	-0.357668	0.013095
0.005800	-0.310411	0.0129573
0.005850	-0.281274	0.0127994
0.005900	-0.26538	0.0126424
0.005950	-0.253675	0.0127703
0.006000	-0.245834	0.0127945
0.006050	-0.238728	0.0129421
0.006100	-0.23415	0.0130977
0.006150	-0.228993	0.0129368
0.006200	-0.225128	0.0127146
0.006250	-0.219994	0.0128048
0.006300	-0.219103	0.0127121
0.006350	-0.215049	0.012571
0.006400	-0.211696	0.0124394
0.006450	-0.208956	0.0124615
0.006500	-0.208466	0.0124393
0.006550	-0.206851	0.0124827
0.006600	-0.203644	0.012507
0.006650	-0.199857	0.012576
0.006700	-0.194232	0.0125174
0.006750	-0.190846	0.0125603
0.006800	-0.187572	0.0125657
0.006850	-0.185444	0.0124998
0.006900	-0.183028	0.0124454
0.006950	-0.182047	0.0123938
0.007000	-0.184542	0.0123167
0.007050	-0.187739	0.012327
0.007100	-0.19176	0.0122062
0.007150	-0.192294	0.0121696
0.007200	-0.195413	0.0122079
0.007250	-0.196092	0.0122226
0.007300	-0.195958	0.0123401
0.007350	-0.193586	0.0122379
0.007400	-0.192027	0.0122483
0.007450	-0.188151	0.0122697
0.007500	-0.194756	0.0121551
0.007550	-0.203454	0.0121014
0.007600	-0.201939	0.0120977
0.007650	-0.19803	0.0120423
0.007700	-0.1948	0.0121088
0.007750	-0.193943	0.0120624
0.007800	-0.193943	0.0119067
0.007850	-0.195045	0.0119549
0.007900	-0.196816	0.011954
0.007950	-0.195446	0.0119394
0.008000	-0.193876	0.0118536
0.008050	-0.194076	0.0117259
0.008100	-0.191715	0.0116225
0.008150	-0.195368	0.0117757
0.008200	-0.203632	0.0118978
0.008250	-0.212543	0.011927
0.008300	-0.214882	0.0119337
0.008350	-0.215383	0.0117909
0.008400	-0.218178	0.0118273
0.008450	-0.224193	0.0118278
0.008500	-0.233794	0.0117818
0.008550	-0.246713	0.0118394
0.008600	-0.25833	0.0117254
0.008650	-0.273901	0.0117017
0.008700	-0.288881	0.0117273
0.008750	-0.299017	0.011703
0.008800	-0.306445	0.0115786
0.008850	-0.32313	0.0116445
0.008900	-0.347689	0.0119336
0.008950	-0.382483	0.0119074
0.009000	-0.419617	0.0119
0.009050	-0.440623	0.0121482
0.009100	-0.439821	0.0122243
0.009150	-0.419227	0.0119889
0.009200	-0.395682	0.0118438
0.009250	-0.374275	0.0115539
0.009300	-0.3572	0.0115823
0.009350	-0.352244	0.0115146
0.009400	-0.351019	0.0115408
0.009450	-0.353859	0.0114771
0.009500	-0.361255	0.0116098
0.009550	-0.370143	0.0117427
0.009600	-0.379008	0.0118133
0.009650	-0.383653	0.0118041
0.009700	-0.392362	0.0119585
0.009750	-0.410361	0.0119004
0.009800	-0.438117	0.0115467
0.009850	-0.466663	0.0115737
0.009900	-0.488549	0.0116547
0.009950	-0.505601	0.0120084
0.010000	-0.510869	0.0119539
0.010050	-0.514344	0.0118369
0.010100	-0.514299	0.0115757
0.010150	-0.509755	0.0117236
0.010200	-0.510323	0.0118396
0.010250	-0.513408	0.0122332
0.010300	-0.518754	0.0122335
0.010350	-0.520135	0.0120472
0.010400	-0.519267	0.0117198
0.010450	-0.515424	0.0118143
0.010500	-0.511169	0.0120049
0.010550	-0.510468	0.0118842
0.010600	-0.507616	0.0119485
0.010650	-0.500666	0.011782
0.010700	-0.492636	0.0118039
0.010750	-0.484528	0.0119782
0.010800	-0.470594	0.0121462
0.010850	-0.457463	0.0121585
0.010900	-0.446748	0.0121037
0.010950	-0.435154	0.0120674
0.011000	-0.425999	0.01183
0.011050	-0.418481	0.0117359
0.011100	-0.409983	0.0118922
0.011150	-0.398633	0.0119311
0.011200	-0.390257	0.0118395
0.011250	-0.385992	0.0117801
0.011300	-0.380913	0.011642
0.011350	-0.375578	0.0118489
0.011400	-0.366122	0.0119189
0.011450	-0.356109	0.0119808
0.011500	-0.345316	0.0119498
0.011550	-0.333767	0.0119769
0.011600	-0.325525	0.012038
0.011650	-0.31892	0.0120859
0.011700	-0.31138	0.0119484
0.011750	-0.304797	0.0119983
0.011800	-0.298014	0.0118159
0.011850	-0.290518	0.0117393
0.011900	-0.284693	0.0116922
0.011950	-0.279436	0.0117289
0.012000	-0.27086	0.0117381
0.012050	-0.264534	0.0116769
0.012100	-0.256849	0.011592
0.012150	-0.250868	0.0116228
0.012200	-0.246413	0.0118043
0.012250	-0.243806	0.0118625
0.012300	-0.240343	0.011861
0.012350	-0.234306	0.0120521
0.012400	-0.228692	0.0120228
0.012450	-0.223948	0.0117567
0.012500	-0.219069	0.0114733
0.012550	-0.213345	0.0114756
0.012600	-0.210037	0.0115176
0.012650	-0.205504	0.0115357
0.012700	-0.202285	0.0115654
0.012750	-0.198464	0.0115968
0.012800	-0.196604	0.0118048
0.012850	-0.195235	0.0119536
0.012900	-0.192528	0.0119703
0.012950	-0.189866	0.0120286
0.013000	-0.189131	0.0120722
0.013050	-0.18863	0.0121528
0.013100	-0.187438	0.0120442
0.013150	-0.18677	0.0121112
0.013200	-0.18481	0.0120926
0.013250	-0.178272	0.0121546
0.013300	-0.174841	0.0120882
0.013350	-0.170709	0.0119739
0.013400	-0.167156	0.0119831
0.013450	-0.162311	0.0120661
0.013500	-0.157979	0.0120725
0.013550	-0.153156	0.0119667
0.013600	-0.149102	0.0119071
0.013650	-0.145504	0.0117695
0.013700	-0.142675	0.0118275
0.013750	-0.140036	0.0117934
0.013800	-0.137808	0.0118508
0.013850	-0.137195	0.0119644
0.013900	-0.136048	0.0120802
0.013950	-0.133487	0.0119351
0.014000	-0.131059	0.0117504
0.014050	-0.129833	0.0115881
0.014100	-0.129098	0.0115216
0.014150	-0.124365	0.011779
0.014200	-0.123964	0.0117291
0.014250	-0.123852	0.0115926
0.014300	-0.122649	0.0116066
0.014350	-0.119542	0.0115305
0.014400	-0.115766	0.0114885
0.014450	-0.115777	0.0114919
0.014500	-0.116245	0.011418
0.014550	-0.116345	0.0115414
0.014600	-0.114485	0.0116082
0.014650	-0.111122	0.0116943
0.014700	-0.109596	0.0116937
0.014750	-0.10895	0.0118103
0.014800	-0.105074	0.0117276
0.014850	-0.105286	0.0116306
0.014900	-0.105965	0.0115286
0.014950	-0.105765	0.0114032
0.015000	-0.104729	0.0115818
0.015050	-0.103871	0.0114591
0.015100	-0.103381	0.0114621
0.015150	-0.104974	0.0114217
0.015200	-0.106845	0.011476
0.015250	-0.104584	0.0115089
0.015300	-0.103648	0.0114364
0.015350	-0.102568	0.0114334
0.015400	-0.101265	0.0115041
0.015450	-0.102089	0.0115062
0.015500	-0.102189	0.0116388
0.015550	-0.103181	0.0116243
0.015600	-0.102613	0.0116199
0.015650	-0.101432	0.0116149
0.015700	-0.100396	0.0116336
0.015750	-0.0992712	0.011548
0.015800	-0.0998281	0.0114544
0.015850	-0.0999952	0.0114847
0.015900	-0.100129	0.0113838
0.015950	-0.101967	0.0114713
0.016000	-0.101733	0.0113375
0.016050	-0.100753	0.0113828
0.016100	-0.0994828	0.0114746
0.016150	-0.0998615	0.0113627
0.016200	-0.101298	0.0113491
0.016250	-0.104528	0.0111898
0.016300	-0.105119	0.0112157
0.016350	-0.106032	0.0112401
0.016400	-0.106411	0.0112186
0.016450	-0.106967	0.0114212
0.016500	-0.107257	0.0114537
0.016550	-0.106934	0.0113735
0.016600	-0.106154	0.0114006
0.016650	-0.107157	0.0115543
0.016700	-0.108649	0.0115342
0.016750	-0.110587	0.0115378
0.016800	-0.109206	0.0114937
0.016850	-0.109685	0.0115593
0.016900	-0.109819	0.0116572
0.016950	-0.109106	0.0116687
0.017000	-0.111768	0.01163
0.017050	-0.110431	0.0116144
0.017100	-0.111033	0.0114611
0.017150	-0.114018	0.0114162
0.017200	-0.113572	0.0114803
0.017250	-0.112224	0.0113763
0.017300	-0.111812	0.0112967
0.017350	-0.114162	0.0112658
0.017400	-0.11355	0.0112394
0.017450	-0.113383	0.0112644
0.017500	-0.113995	0.011314
0.017550	-0.115488	0.0112945
0.017600	-0.116145	0.0113784
0.017650	-0.117972	0.0113665
0.017700	-0.119163	0.011312
0.017750	-0.120544	0.0113533
0.017800	-0.120489	0.0112716
0.017850	-0.119219	0.011263
0.017900	-0.120455	0.0112834
0.017950	-0.120912	0.0111646
0.018000	-0.122895	0.0112275
0.018050	-0.122048	0.0114508
0.018100	-0.123474	0.0113742
0.018150	-0.124509	0.0112658
0.018200	-0.125568	0.0111876
0.018250	-0.125211	0.0110939
0.018300	-0.124398	0.0113109
0.018350	-0.124977	0.0112503
0.018400	-0.127606	0.0112961
0.018450	-0.127071	0.0113513
0.018500	-0.127082	0.0112659
0.018550	-0.128775	0.0111509
0.018600	-0.129833	0.011192
0.018650	-0.130947	0.0112718
0.018700	-0.129878	0.0112456
0.018750	-0.130479	0.0111484
0.018800	-0.131782	0.0111562
0.018850	-0.131627	0.0111862
0.018900	-0.132573	0.011188
0.018950	-0.134534	0.0111275
0.019000	-0.135981	0.0112301
0.019050	-0.136026	0.011328
0.019100	-0.135703	0.0114729
0.019150	-0.136327	0.0113728
0.019200	-0.134923	0.0112136
0.019250	-0.136861	0.0112538
0.019300	-0.13763	0.0113497
0.019350	-0.138777	0.0113975
0.019400	-0.139267	0.0114149
0.019450	-0.137585	0.0113455
0.019500	-0.138788	0.0111821
0.019550	-0.141071	0.0111096
0.019600	-0.140715	0.0112011
0.019650	-0.141027	0.0112285
0.019700	-0.141283	0.0111825
0.019750	-0.142742	0.0111278
0.019800	-0.143611	0.0113194
0.019850	-0.145437	0.0112721
0.019900	-0.143912	0.0111779
0.019950	-0.14399	0.0111991
0.020000	-0.143444	0.0111917
0.020050	-0.143566	0.0112212
0.020100	-0.145315	0.0113541
0.020150	-0.144591	0.011264
0.020200	-0.145627	0.0112033
0.020250	-0.147453	0.0111226
0.020300	-0.14762	0.0111256
0.020350	-0.147353	0.0112756
0.020400	-0.145604	0.0111531
0.020450	-0.146685	0.0112263
0.020500	-0.146206	0.0112593
0.020550	-0.148756	0.0112724
0.020600	-0.150071	0.0111254
0.020650	-0.149291	0.0110663
0.020700	-0.14948	0.0112067
0.020750	-0.149681	0.0112752
0.020800	-0.149636	0.0113222
0.020850	-0.151118	0.0112163
0.020900	-0.149002	0.0110842
0.020950	-0.148634	0.0110068
0.021000	-0.150383	0.0110598
0.021050	-0.150449	0.0112365
0.021100	-0.151775	0.0112736
0.021150	-0.150639	0.0112579
0.021200	-0.15388	0.0114088
0.021250	-0.153635	0.0114627
0.021300	-0.153123	0.0113189
0.021350	-0.153123	0.0112393
0.021400	-0.155049	0.0114504
0.021450	-0.156508	0.0114014
0.021500	-0.155506	0.0114989
0.021550	-0.154693	0.0115059
0.021600	-0.154593	0.0114384
0.021650	-0.155428	0.011231
0.021700	-0.155885	0.0112743
0.021750	-0.156197	0.0114511
0.021800	-0.155517	0.0114505
0.021850	-0.156364	0.0115642
0.021900	-0.157522	0.0115077
0.021950	-0.15868	0.011508
0.022000	-0.158714	0.0115661
0.022050	-0.160551	0.0116251
0.022100	-0.161064	0.0114095
0.022150	-0.160128	0.0115006
0.022200	-0.162356	0.0115534
0.022250	-0.164795	0.0114184
0.022300	-0.164271	0.0113958
0.022350	-0.164026	0.0113271
0.022400	-0.163893	0.0113515
0.022450	-0.164995	0.0114158
0.022500	-0.165174	0.0114319
0.022550	-0.165964	0.0113913
0.022600	-0.165775	0.0113616
0.022650	-0.167268	0.0113367
0.022700	-0.164539	0.0112264
0.022750	-0.164372	0.0113971
0.022800	-0.165586	0.0115973
0.022850	-0.165118	0.0113986
0.022900	-0.165586	0.0115471
0.022950	-0.166844	0.0116808
0.023000	-0.165808	0.0113725
0.023050	-0.165998	0.0112634
0.023100	-0.167212	0.0111894
0.023150	-0.166978	0.0111848
0.023200	-0.166599	0.0113602
0.023250	-0.166499	0.0114226
0.023300	-0.168749	0.0113055
0.023350	-0.168092	0.0112539
0.023400	-0.168014	0.0112724
0.023450	-0.167858	0.0114192
0.023500	-0.168738	0.0114529
0.023550	-0.166911	0.0115298
0.023600	-0.166922	0.0113969
0.023650	-0.165452	0.0113405
0.023700	-0.166365	0.0112766
0.023750	-0.166822	0.0113864
0.023800	-0.165931	0.0113277
0.023850	-0.166176	0.0113972
0.023900	-0.165162	0.0114669
0.023950	-0.164316	0.01172
0.024000	-0.164929	0.0117589
0.024050	-0.165318	0.0117538
0.024100	-0.163369	0.0117762
0.024150	-0.161788	0.0117781
0.024200	-0.162746	0.0116627
0.024250	-0.1621	0.0115235
0.024300	-0.162411	0.0117123
0.024350	-0.162968	0.0116284
0.024400	-0.163625	0.0117116
0.024450	-0.164238	0.0117465
0.024500	-0.16396	0.0117771
0.024550	-0.163904	0.0118155
0.024600	-0.164216	0.0118889
0.024650	-0.164427	0.012027
0.024700	-0.165831	0.0120364
0.024750	-0.167624	0.0118241
0.024800	-0.168515	0.0117527
0.024850	-0.167123	0.0119504
0.024900	-0.165675	0.0120898
0.024950	-0.163859	0.0120436
0.025000	-0.163614	0.01203
0.025050	-0.165541	0.0119501
0.025100	-0.16582	0.0119462
0.025150	-0.164026	0.0118089
0.025200	-0.163937	0.0118679
0.025250	-0.164951	0.0119875
0.025300	-0.163291	0.0118236
0.025350	-0.164773	0.0116831
0.025400	-0.164984	0.0117251
0.025450	-0.164316	0.0117735
0.025500	-0.165363	0.0117991
0.025550	-0.166232	0.0119196
0.025600	-0.164717	0.0119776
0.025650	-0.165129	0.0118741
0.025700	-0.16387	0.0117604
0.025750	-0.165352	0.0116032
0.025800	-0.166967	0.0115817
0.025850	-0.166822	0.0114888
0.025900	-0.165452	0.0115391
0.025950	-0.165742	0.0115775
0.026000	-0.167435	0.0116333
0.026050	-0.168136	0.011672
0.026100	-0.169005	0.0116641
0.026150	-0.168348	0.0116333
0.026200	-0.16778	0.0114703
0.026250	-0.169128	0.0114199
0.026300	-0.169829	0.01138
0.026350	-0.16915	0.0115874
0.026400	-0.168314	0.0115714
0.026450	-0.166711	0.0113224
0.026500	-0.168671	0.0113666
0.026550	-0.169328	0.0114136
0.026600	-0.170464	0.0113578
0.026650	-0.170019	0.0112319
0.026700	-0.169985	0.0112281
0.026750	-0.169328	0.0112316
0.026800	-0.169885	0.0112182
0.026850	-0.170553	0.0111742
0.026900	-0.170353	0.0110714
0.026950	-0.171344	0.0111473
0.027000	-0.171934	0.0112357
0.027050	-0.172146	0.0110311
0.027100	-0.17238	0.0108678
0.027150	-0.171667	0.0108683
0.027200	-0.171311	0.0109596
0.027250	-0.173226	0.0108574
0.027300	-0.173326	0.0108608
0.027350	-0.173516	0.0107443
0.027400	-0.17297	0.0107522
0.027450	-0.17395	0.0105931
0.027500	-0.17483	0.0106404
0.027550	-0.175354	0.010662
0.027600	-0.176133	0.0106821
0.027650	-0.178728	0.0106614
0.027700	-0.177559	0.0107085
0.027750	-0.177347	0.0108271
0.027800	-0.176846	0.0107933
0.027850	-0.176211	0.0106329
0.027900	-0.178372	0.0105796
0.027950	-0.178394	0.0105806
0.028000	-0.177681	0.0105587
0.028050	-0.177169	0.0104754
0.028100	-0.177537	0.0103289
0.028150	-0.176902	0.0102122
0.028200	-0.177124	0.0102365
0.028250	-0.176902	0.0101187
0.028300	-0.175933	0.0101729
0.028350	-0.175554	0.0101205
0.028400	-0.176033	0.0103421
0.028450	-0.176545	0.010342
0.028500	-0.177982	0.0101625
0.028550	-0.178628	0.0101689
0.028600	-0.178071	0.0101605
0.028650	-0.179463	0.0101773
0.028700	-0.179263	0.0100593
0.028750	-0.178372	0.00988162
0.028800	-0.178717	0.00983565
0.028850	-0.17786	0.00998857
0.028900	-0.178984	0.0101161
0.028950	-0.179619	0.00994046
0.029000	-0.180054	0.0098594
0.029050	-0.180611	0.00995336
0.029100	-0.181479	0.00991596
0.029150	-0.181368	0.00968975
0.029200	-0.181568	0.00967874
0.029250	-0.182304	0.00961872
0.029300	-0.181045	0.0096265
0.029350	-0.180677	0.00973733
0.029400	-0.181123	0.00973268
0.029450	-0.181836	0.00972883
0.029500	-0.181836	0.00966941
0.029550	-0.180299	0.00975619
0.029600	-0.181012	0.00964957
0.029650	-0.180599	0.00970985
0.029700	-0.180856	0.00972134
0.029750	-0.18158	0.00978242
0.029800	-0.180844	0.00982346
0.029850	-0.181513	0.00974723
0.029900	-0.182214	0.00967249
0.029950	-0.181836	0.00971607
0.030000	-0.181613	0.00965173
0.030050	-0.181201	0.00975004
0.030100	-0.181914	0.00979312
0.030150	-0.184854	0.00983894
0.030200	-0.184353	0.00990141
0.030250	-0.183718	0.00983544
0.030300	-0.183183	0.00990687
0.030350	-0.183763	0.00981363
0.030400	-0.185066	0.0099737
0.030450	-0.18393	0.00975088
0.030500	-0.18305	0.00973212
0.030550	-0.184943	0.00978076
0.030600	-0.183484	0.00978957
0.030650	-0.183729	0.00973358
0.030700	-0.183306	0.00976623
0.030750	-0.185489	0.00995372
0.030800	-0.187059	0.00998661
0.030850	-0.186681	0.00985639
0.030900	-0.185233	0.00979465
0.030950	-0.184642	0.00984515
0.031000	-0.182816	0.00983107
0.031050	-0.181034	0.00988689
0.031100	-0.181624	0.0100496
0.031150	-0.182326	0.00989301
0.031200	-0.184152	0.0100632
0.031250	-0.182716	0.00993747
0.031300	-0.183362	0.00986876
0.031350	-0.183473	0.010133
0.031400	-0.184086	0.0102761
0.031450	-0.182582	0.0102168
0.031500	-0.183261	0.0102526
0.031550	-0.182771	0.0102624
0.031600	-0.182203	0.0101542
0.031650	-0.181769	0.0101212
0.031700	-0.184141	0.0101534
0.031750	-0.183406	0.0100831
0.031800	-0.183183	0.010082
0.031850	-0.184164	0.0102461
0.031900	-0.184542	0.0103192
0.031950	-0.184297	0.0102955
0.032000	-0.185255	0.010213
0.032050	-0.183005	0.0102832
0.032100	-0.182248	0.010274
0.032150	-0.18315	0.0103833
0.032200	-0.183518	0.0104187
0.032250	-0.182671	0.0105472
0.032300	-0.183863	0.0105325
0.032350	-0.183083	0.0103828
0.032400	-0.183117	0.010466
0.032450	-0.183462	0.0105198
0.032500	-0.184253	0.0105104
0.032550	-0.184642	0.0103408
0.032600	-0.186057	0.010414
0.032650	-0.18648	0.0105607
0.032700	-0.187672	0.0105513
0.032750	-0.187104	0.0107006
0.032800	-0.18599	0.0105625
0.032850	-0.186447	0.0106226
0.032900	-0.185366	0.0107422
0.032950	-0.186748	0.0107411
0.033000	-0.187394	0.0107103
0.033050	-0.189654	0.010511
0.033100	-0.189064	0.0105244
0.033150	-0.188285	0.010512
0.033200	-0.188496	0.0104429
0.033250	-0.188051	0.0104507
0.033300	-0.188908	0.0103536
0.033350	-0.189176	0.0104207
0.033400	-0.189254	0.0104118
0.033450	-0.189086	0.0104419
0.033500	-0.187249	0.010405
0.033550	-0.188207	0.0103362
0.033600	-0.189409	0.0105044
0.033650	-0.1899	0.0105603
0.033700	-0.189209	0.0104429
0.033750	-0.189476	0.0103805
0.033800	-0.188619	0.0104099
0.033850	-0.187928	0.0105571
0.033900	-0.188752	0.0104887
0.033950	-0.190289	0.010539
0.034000	-0.190401	0.0106663
0.034050	-0.188251	0.0105433
0.034100	-0.188151	0.0104534
0.034150	-0.188463	0.0105357
0.034200	-0.188919	0.0106409
0.034250	-0.189432	0.0106316
0.034300	-0.190623	0.0105785
0.034350	-0.189933	0.0104201
0.034400	-0.188641	0.0103454
0.034450	-0.189643	0.0104378
0.034500	-0.190211	0.0104685
0.034550	-0.190189	0.0105026
0.034600	-0.191793	0.0105178
0.034650	-0.191448	0.0102791
0.034700	-0.190701	0.0102095
0.034750	-0.189209	0.0102579
0.034800	-0.190156	0.010279
0.034850	-0.191737	0.0103052
0.034900	-0.194032	0.0102799
0.034950	-0.192539	0.0103268
0.035000	-0.192751	0.0103639
0.035050	-0.195012	0.0104193
0.035100	-0.193553	0.010509
0.035150	-0.193753	0.010362
0.035200	-0.194399	0.0103481
0.035250	-0.195881	0.0103402
0.035300	-0.194767	0.0103608
0.035350	-0.19196	0.0103422
0.035400	-0.192762	0.0102049
0.035450	-0.19362	0.0102077
0.035500	-0.19382	0.0104024
0.035550	-0.192038	0.0102346
0.035600	-0.191225	0.0101854
0.035650	-0.192194	0.0102479
0.035700	-0.193553	0.0103143
0.035750	-0.19421	0.0103345
0.035800	-0.194433	0.0103061
0.035850	-0.195513	0.010213
0.035900	-0.196315	0.010066
0.035950	-0.196994	0.0100074
0.036000	-0.196159	0.0100783
0.036050	-0.196694	0.0101237
0.036100	-0.196471	0.0102445
0.036150	-0.196905	0.0101619
0.036200	-0.197362	0.0100097
0.036250	-0.195981	0.00988863
0.036300	-0.194689	0.0100226
0.036350	-0.196014	0.00987593
0.036400	-0.196036	0.00986076
0.036450	-0.197061	0.00974187
0.036500	-0.196838	0.00984667
0.036550	-0.198052	0.00999171
0.036600	-0.19754	0.00999795
0.036650	-0.196527	0.0100622
0.036700	-0.196248	0.00997876
0.036750	-0.197663	0.0100701
0.036800	-0.196215	0.00999047
0.036850	-0.19529	0.0100475
0.036900	-0.196159	0.010158
0.036950	-0.196927	0.0100528
0.037000	-0.196783	0.00994125
0.037050	-0.197618	0.00989999
0.037100	-0.196716	0.00983553
0.037150	-0.197585	0.00985016
0.037200	-0.196627	0.00978272
0.037250	-0.196482	0.00972504
0.037300	-0.199211	0.0098843
0.037350	-0.19832	0.010131
0.037400	-0.198364	0.0100279
0.037450	-0.198142	0.00991962
0.037500	-0.198609	0.0097378
0.037550	-0.200091	0.00971513
0.037600	-0.200993	0.0098567
0.037650	-0.201839	0.00984495
0.037700	-0.199912	0.00986076
0.037750	-0.199021	0.00977556
0.037800	-0.199745	0.0098036
0.037850	-0.200302	0.00975072
0.037900	-0.200603	0.00973101
0.037950	-0.198164	0.00976526
0.038000	-0.197028	0.00962111
0.038050	-0.198687	0.009672
0.038100	-0.200681	0.00955087
0.038150	-0.199979	0.0095641
0.038200	-0.199367	0.00957034
0.038250	-0.199857	0.00958642
0.038300	-0.200636	0.0096162
0.038350	-0.201427	0.00956141
0.038400	-0.202396	0.00953704
0.038450	-0.204011	0.00942463
0.038500	-0.203376	0.00945453
0.038550	-0.203276	0.00945427
0.038600	-0.202886	0.00940166
0.038650	-0.203443	0.00949982
0.038700	-0.203822	0.00937767
0.038750	-0.204323	0.00936251
0.038800	-0.202753	0.00932529
0.038850	-0.203209	0.00935048
0.038900	-0.205103	0.00943126
0.038950	-0.205916	0.0094294
0.039000	-0.206194	0.00949603
0.039050	-0.204768	0.00951346
0.039100	-0.205225	0.00947536
0.039150	-0.206094	0.0095769
0.039200	-0.204713	0.00946767
0.039250	-0.207007	0.00944207
0.039300	-0.205782	0.00943561
0.039350	-0.205771	0.00931362
0.039400	-0.206784	0.00933304
0.039450	-0.205147	0.00926328
0.039500	-0.204189	0.00931234
0.039550	-0.203978	0.00917149
0.039600	-0.20351	0.00911133
0.039650	-0.205648	0.00902229
0.039700	-0.205091	0.00900289
0.039750	-0.2042	0.00901558
0.039800	-0.205136	0.00907401
0.039850	-0.20459	0.00892835
0.039900	-0.203488	0.00890922
0.039950	-0.204802	0.00901231
0.040000	-0.206506	0.00885799
0.040050	-0.205648	0.00874693
0.040100	-0.205526	0.00882397
0.040150	-0.207074	0.00884788
0.040200	-0.206049	0.0088142
0.040250	-0.205437	0.00875358
0.040300	-0.205125	0.00871154
0.040350	-0.206506	0.00880698
0.040400	-0.20684	0.00865016
0.040450	-0.206996	0.00864438
0.040500	-0.207965	0.00857982
0.040550	-0.207063	0.00850103
0.040600	-0.207698	0.00846148
0.040650	-0.207152	0.00834298
0.040700	-0.206706	0.00853052
0.040750	-0.207765	0.00867306
0.040800	-0.208578	0.0085586
0.040850	-0.207553	0.00846199
0.040900	-0.206617	0.00837704
0.040950	-0.205793	0.00836837
0.041000	-0.208444	0.00839902
0.041050	-0.20958	0.00833605
0.041100	-0.211184	0.00838127
0.041150	-0.211006	0.00831203
0.041200	-0.209825	0.00840937
0.041250	-0.211284	0.00828989
0.041300	-0.211395	0.00824207
0.041350	-0.210738	0.00811844
0.041400	-0.209925	0.00808137
0.041450	-0.209402	0.00805016
0.041500	-0.210961	0.00801027
0.041550	-0.21154	0.00798057
0.041600	-0.211808	0.00813494
0.041650	-0.210939	0.00821018
0.041700	-0.212097	0.00812089
0.041750	-0.211451	0.00812055
0.041800	-0.212543	0.00814205
0.041850	-0.211117	0.00813641
0.041900	-0.212019	0.00801177
0.041950	-0.211874	0.00797259
0.042000	-0.211718	0.0080644
0.042050	-0.213233	0.00816873
0.042100	-0.212765	0.0079449
0.042150	-0.21124	0.00789972
0.042200	-0.211596	0.0079699
0.042250	-0.210616	0.00787883
0.042300	-0.210594	0.00776491
0.042350	-0.211652	0.00782624
0.042400	-0.212298	0.00788389
0.042450	-0.211641	0.00784349
0.042500	-0.212788	0.00775154
0.042550	-0.213055	0.00777194
0.042600	-0.212754	0.00782986
0.042650	-0.212131	0.00777429
0.042700	-0.214302	0.00760178
0.042750	-0.214147	0.00770987
0.042800	-0.214692	0.00769519
0.042850	-0.213111	0.00765481
0.042900	-0.210783	0.00754499
0.042950	-0.212064	0.00750996
0.043000	-0.213178	0.00762936
0.043050	-0.213244	0.0076354
0.043100	-0.212309	0.00767799
0.043150	-0.213077	0.00760961
0.043200	-0.214369	0.00756583
0.043250	-0.214325	0.0075992
0.043300	-0.214536	0.00750514
0.043350	-0.213055	0.00740363
0.043400	-0.211741	0.00737485
0.043450	-0.211451	0.00739215
0.043500	-0.212353	0.00731168
0.043550	-0.213356	0.00737867
0.043600	-0.213367	0.00735559
0.043650	-0.214191	0.00742458
0.043700	-0.214314	0.00754883
0.043750	-0.213311	0.00742
0.043800	-0.213222	0.00744094
0.043850	-0.212988	0.0075173
0.043900	-0.214637	0.0072559
0.043950	-0.213913	0.007187
0.044000	-0.214057	0.00715198
0.044050	-0.214637	0.00723985
0.044100	-0.216775	0.00715895
0.044150	-0.216118	0.00715178
0.044200	-0.215116	0.00718159
0.044250	-0.216964	0.00705109
0.044300	-0.21682	0.00713436
0.044350	-0.216797	0.00703115
0.044400	-0.217299	0.00710513
0.044450	-0.215349	0.0071773
0.044500	-0.215283	0.00714184
0.044550	-0.216508	0.00705304
0.044600	-0.215561	0.00703359
0.044650	-0.215216	0.00693391
0.044700	-0.21487	0.00683624
0.044750	-0.216129	0.00688424
0.044800	-0.214648	0.0067499
0.044850	-0.215706	0.006802
0.044900	-0.216129	0.00684505
0.044950	-0.214314	0.0069167
