"Time"	"1 highgain"	"SEM"
-0.005000	-0.171938	0.00996508
-0.004950	-0.171598	0.00981341
-0.004900	-0.170821	0.00984964
-0.004850	-0.172162	0.0098702
-0.004800	-0.173542	0.0101092
-0.004750	-0.173921	0.0101644
-0.004700	-0.172862	0.00999953
-0.004650	-0.172492	0.00996162
-0.004600	-0.172434	0.0100289
-0.004550	-0.172249	0.0100631
-0.004500	-0.171462	0.010052
-0.004450	-0.173357	0.0101294
-0.004400	-0.171754	0.0100128
-0.004350	-0.169781	0.0100479
-0.004300	-0.169742	0.00999152
-0.004250	-0.171103	0.00984448
-0.004200	-0.171141	0.00991036
-0.004150	-0.17223	0.00992785
-0.004100	-0.172745	0.0100448
-0.004050	-0.173406	0.0100205
-0.004000	-0.172726	0.0100989
-0.003950	-0.171044	0.00997459
-0.003900	-0.172172	0.00993374
-0.003850	-0.172113	0.00999095
-0.003800	-0.172142	0.00997998
-0.003750	-0.174038	0.00990448
-0.003700	-0.174494	0.009834
-0.003650	-0.174183	0.00978459
-0.003600	-0.174388	0.00975505
-0.003550	-0.174494	0.00969151
-0.003500	-0.175039	0.00984615
-0.003450	-0.174407	0.00979588
-0.003400	-0.174281	0.0097646
-0.003350	-0.175748	0.00969335
-0.003300	-0.175282	0.00965255
-0.003250	-0.174504	0.0097026
-0.003200	-0.175097	0.00991979
-0.003150	-0.173639	0.00990763
-0.003100	-0.174708	0.00974941
-0.003050	-0.175389	0.00982958
-0.003000	-0.177119	0.00979572
-0.002950	-0.176438	0.00973114
-0.002900	-0.175029	0.00981352
-0.002850	-0.175486	0.00960037
-0.002800	-0.174426	0.00951204
-0.002750	-0.174631	0.00948183
-0.002700	-0.174873	0.00949483
-0.002650	-0.175155	0.00952051
-0.002600	-0.175253	0.00947117
-0.002550	-0.174611	0.0095246
-0.002500	-0.174844	0.00936049
-0.002450	-0.175185	0.00939254
-0.002400	-0.174533	0.00934259
-0.002350	-0.174077	0.00922772
-0.002300	-0.173095	0.00931911
-0.002250	-0.173318	0.00929018
-0.002200	-0.173746	0.00923055
-0.002150	-0.174844	0.00927645
-0.002100	-0.173853	0.0093102
-0.002050	-0.173416	0.00920825
-0.002000	-0.174096	0.00909086
-0.001950	-0.173795	0.00912257
-0.001900	-0.172065	0.0091546
-0.001850	-0.172385	0.00920123
-0.001800	-0.172113	0.00916224
-0.001750	-0.173843	0.00909643
-0.001700	-0.174125	0.00904264
-0.001650	-0.173357	0.0090199
-0.001600	-0.175243	0.00906436
-0.001550	-0.174737	0.00911531
-0.001500	-0.174135	0.00923984
-0.001450	-0.174271	0.00907266
-0.001400	-0.175807	0.00904637
-0.001350	-0.175651	0.00909044
-0.001300	-0.173435	0.00908844
-0.001250	-0.173105	0.00915763
-0.001200	-0.174456	0.00917068
-0.001150	-0.174378	0.00907382
-0.001100	-0.17464	0.00906636
-0.001050	-0.175068	0.00899365
-0.001000	-0.173775	0.00897734
-0.000950	-0.173639	0.00897133
-0.000900	-0.174018	0.00910516
-0.000850	-0.174057	0.00903212
-0.000800	-0.173814	0.00894693
-0.000750	-0.173027	0.00892029
-0.000700	-0.173542	0.00884322
-0.000650	-0.174767	0.00879224
-0.000600	-0.175039	0.00876116
-0.000550	-0.175087	0.00886496
-0.000500	-0.175	0.00900924
-0.000450	-0.174815	0.00887053
-0.000400	-0.173571	0.00898387
-0.000350	-0.175048	0.00898119
-0.000300	-0.175768	0.00893772
-0.000250	-0.174912	0.00883987
-0.000200	-0.175826	0.00868913
-0.000150	-0.175933	0.00873071
-0.000100	-0.173425	0.0087426
-0.000050	-0.176059	0.00889855
0.000000	-0.175321	0.00876195
0.000050	-0.174893	0.00871629
0.000100	-0.175068	0.00863162
0.000150	-0.174572	0.00873378
0.000200	-0.176983	0.00873998
0.000250	-0.175641	0.008615
0.000300	-0.176798	0.00861639
0.000350	-0.177527	0.00857394
0.000400	-0.176798	0.00852274
0.000450	-0.17431	0.00842849
0.000500	-0.173853	0.00839068
0.000550	-0.17293	0.00844551
0.000600	-0.174057	0.00840296
0.000650	-0.17432	0.00847664
0.000700	-0.175243	0.00849539
0.000750	-0.174125	0.00849516
0.000800	-0.175185	0.00858162
0.000850	-0.176672	0.00845401
0.000900	-0.17673	0.0084069
0.000950	-0.176049	0.0084983
0.001000	-0.177216	0.00831641
0.001050	-0.177614	0.00843183
0.001100	-0.177896	0.00848538
0.001150	-0.177089	0.00841247
0.001200	-0.177653	0.00839932
0.001250	-0.177021	0.00834823
0.001300	-0.176924	0.00837397
0.001350	-0.175573	0.00831982
0.001400	-0.17604	0.00830806
0.001450	-0.175389	0.00833147
0.001500	-0.177225	0.00815755
0.001550	-0.176603	0.00814921
0.001600	-0.17708	0.00815823
0.001650	-0.176905	0.00817811
0.001700	-0.176856	0.00822569
0.001750	-0.177342	0.008093
0.001800	-0.179859	0.00808937
0.001850	-0.179704	0.00805738
0.001900	-0.179179	0.00816008
0.001950	-0.17847	0.00835674
0.002000	-0.178878	0.00838328
0.002050	-0.17984	0.00842071
0.002100	-0.179354	0.00836281
0.002150	-0.179218	0.00835281
0.002200	-0.178022	0.00842912
0.002250	-0.177624	0.00842769
0.002300	-0.179189	0.00842086
0.002350	-0.17706	0.00841704
0.002400	-0.17569	0.00849252
0.002450	-0.177916	0.00837814
0.002500	-0.177906	0.00842176
0.002550	-0.179412	0.00845121
0.002600	-0.179266	0.00839079
0.002650	-0.178985	0.00838268
0.002700	-0.179004	0.00843256
0.002750	-0.178985	0.00842092
0.002800	-0.1781	0.00840397
0.002850	-0.17638	0.00841397
0.002900	-0.178693	0.00843295
0.002950	-0.178897	0.00838942
0.003000	-0.179276	0.00852306
0.003050	-0.17879	0.00862729
0.003100	-0.17809	0.00856228
0.003150	-0.178926	0.00849612
0.003200	-0.180822	0.00850633
0.003250	-0.179548	0.0086023
0.003300	-0.176808	0.00859715
0.003350	-0.176603	0.00857353
0.003400	-0.175359	0.00855851
0.003450	-0.175029	0.0085062
0.003500	-0.174786	0.00853321
0.003550	-0.175	0.0086208
0.003600	-0.174621	0.00855586
0.003650	-0.175389	0.0085279
0.003700	-0.175612	0.00868333
0.003750	-0.173367	0.00879648
0.003800	-0.173931	0.00873122
0.003850	-0.174747	0.00872027
0.003900	-0.17533	0.00882988
0.003950	-0.176156	0.0088912
0.004000	-0.175875	0.00887556
0.004050	-0.176565	0.00876681
0.004100	-0.175738	0.00855387
0.004150	-0.17568	0.00856349
0.004200	-0.175894	0.00860899
0.004250	-0.174679	0.00869972
0.004300	-0.175389	0.00880413
0.004350	-0.175564	0.00887555
0.004400	-0.176701	0.00881612
0.004450	-0.176642	0.00889182
0.004500	-0.177741	0.00887063
0.004550	-0.177449	0.00883536
0.004600	-0.176429	0.00877651
0.004650	-0.176749	0.00870952
0.004700	-0.176652	0.00876933
0.004750	-0.176001	0.00881762
0.004800	-0.176574	0.00886395
0.004850	-0.177925	0.00875875
0.004900	-0.178858	0.00877236
0.004950	-0.179344	0.00870079
0.005000	-0.177634	0.00873943
0.005050	-0.176798	0.00877012
0.005100	-0.175952	0.00891049
0.005150	-0.177605	0.00902089
0.005200	-0.178771	0.00900444
0.005250	-0.180102	0.0090483
0.005300	-0.321698	0.0204214
0.005350	-1.25764	0.013071
0.005400	-1.32997	0.00883117
0.005450	-1.4141	0.0092675
0.005500	-1.46931	0.0111156
0.005550	-0.644572	0.0201607
0.005600	-0.499458	0.00904183
0.005650	-0.464635	0.00922097
0.005700	-0.388137	0.00914597
0.005750	-0.33166	0.00905888
0.005800	-0.297109	0.00916973
0.005850	-0.277865	0.00921578
0.005900	-0.262908	0.00919497
0.005950	-0.252411	0.00923774
0.006000	-0.244461	0.00930307
0.006050	-0.238358	0.00928647
0.006100	-0.235092	0.00919716
0.006150	-0.234111	0.00929043
0.006200	-0.229572	0.00937795
0.006250	-0.226889	0.00934966
0.006300	-0.223303	0.00932585
0.006350	-0.219717	0.00937692
0.006400	-0.21755	0.00922275
0.006450	-0.216811	0.0093328
0.006500	-0.212282	0.0092823
0.006550	-0.209765	0.0092985
0.006600	-0.206518	0.00937752
0.006650	-0.201756	0.00934736
0.006700	-0.19678	0.00939059
0.006750	-0.189967	0.00947488
0.006800	-0.185525	0.00939556
0.006850	-0.181725	0.00955337
0.006900	-0.178615	0.00939105
0.006950	-0.177692	0.00945474
0.007000	-0.17948	0.009429
0.007050	-0.185457	0.0094578
0.007100	-0.191026	0.00949688
0.007150	-0.192397	0.00947891
0.007200	-0.195789	0.00945261
0.007250	-0.19678	0.00932094
0.007300	-0.198238	0.0093736
0.007350	-0.195283	0.00950624
0.007400	-0.191959	0.00955171
0.007450	-0.193777	0.0094761
0.007500	-0.197169	0.00958912
0.007550	-0.197664	0.00958779
0.007600	-0.196984	0.00963119
0.007650	-0.194904	0.00955772
0.007700	-0.193719	0.00953662
0.007750	-0.193427	0.00961094
0.007800	-0.193952	0.00964051
0.007850	-0.191998	0.00962102
0.007900	-0.191959	0.00954439
0.007950	-0.18916	0.00957524
0.008000	-0.187907	0.00961884
0.008050	-0.187975	0.00963611
0.008100	-0.190278	0.00965009
0.008150	-0.19159	0.00958608
0.008200	-0.190123	0.00949929
0.008250	-0.188519	0.00942224
0.008300	-0.1878	0.00957064
0.008350	-0.18746	0.00958651
0.008400	-0.190774	0.00960345
0.008450	-0.192795	0.00959653
0.008500	-0.197674	0.00954191
0.008550	-0.203447	0.00963728
0.008600	-0.210766	0.0096222
0.008650	-0.212428	0.00965953
0.008700	-0.212272	0.00967803
0.008750	-0.20889	0.0097041
0.008800	-0.202816	0.00974638
0.008850	-0.196712	0.00987653
0.008900	-0.185905	0.0100001
0.008950	-0.173814	0.00995234
0.009000	-0.161325	0.00996841
0.009050	-0.148409	0.0100237
0.009100	-0.139351	0.00985454
0.009150	-0.13936	0.00977532
0.009200	-0.153968	0.00966262
0.009250	-0.182367	0.00970353
0.009300	-0.214585	0.00989676
0.009350	-0.241828	0.00996575
0.009400	-0.257329	0.0101034
0.009450	-0.261567	0.0102775
0.009500	-0.255366	0.0103007
0.009550	-0.238027	0.0106124
0.009600	-0.212544	0.0108401
0.009650	-0.187975	0.0108683
0.009700	-0.167176	0.0108083
0.009750	-0.152695	0.0112936
0.009800	-0.142198	0.0125998
0.009850	-0.138981	0.0139222
0.009900	-0.146611	0.0144791
0.009950	-0.164222	0.0138745
0.010000	-0.19334	0.0132172
0.010050	-0.236511	0.0131079
0.010100	-0.287934	0.0139285
0.010150	-0.342934	0.0144555
0.010200	-0.399197	0.0140497
0.010250	-0.447977	0.0135712
0.010300	-0.485686	0.0138064
0.010350	-0.511286	0.0138258
0.010400	-0.53085	0.0134987
0.010450	-0.54193	0.0127358
0.010500	-0.549278	0.011938
0.010550	-0.548131	0.0117947
0.010600	-0.544039	0.0119496
0.010650	-0.540744	0.0121636
0.010700	-0.540161	0.0120333
0.010750	-0.549015	0.0118913
0.010800	-0.559123	0.0119271
0.010850	-0.571748	0.0119431
0.010900	-0.582876	0.0116862
0.010950	-0.590272	0.0113297
0.011000	-0.593703	0.0110089
0.011050	-0.593547	0.0110868
0.011100	-0.589845	0.0111851
0.011150	-0.588639	0.0110382
0.011200	-0.590573	0.0109465
0.011250	-0.592566	0.0110171
0.011300	-0.592955	0.0110227
0.011350	-0.591263	0.0109761
0.011400	-0.587609	0.0111637
0.011450	-0.583838	0.0115007
0.011500	-0.581962	0.0117943
0.011550	-0.578289	0.011905
0.011600	-0.573526	0.0121643
0.011650	-0.568968	0.0123799
0.011700	-0.561776	0.012542
0.011750	-0.557053	0.0125056
0.011800	-0.550347	0.0126039
0.011850	-0.539947	0.0127223
0.011900	-0.528129	0.012878
0.011950	-0.515456	0.0129286
0.012000	-0.500206	0.0127642
0.012050	-0.488398	0.0125274
0.012100	-0.479952	0.012389
0.012150	-0.473246	0.0124965
0.012200	-0.468299	0.0125234
0.012250	-0.463235	0.0125478
0.012300	-0.457443	0.0125679
0.012350	-0.450436	0.0127305
0.012400	-0.442583	0.0128878
0.012450	-0.435838	0.0129481
0.012500	-0.430249	0.0131598
0.012550	-0.420375	0.0131787
0.012600	-0.408673	0.0133317
0.012650	-0.397671	0.0133978
0.012700	-0.386854	0.0133143
0.012750	-0.380187	0.0132871
0.012800	-0.370575	0.0133495
0.012850	-0.36348	0.0133783
0.012900	-0.356336	0.0132939
0.012950	-0.344975	0.0133546
0.013000	-0.331874	0.013355
0.013050	-0.318607	0.0133817
0.013100	-0.308519	0.013117
0.013150	-0.296137	0.0132692
0.013200	-0.286865	0.0132655
0.013250	-0.27977	0.0132597
0.013300	-0.271606	0.0131821
0.013350	-0.263229	0.0132055
0.013400	-0.254346	0.0131235
0.013450	-0.2445	0.0131826
0.013500	-0.233071	0.0130021
0.013550	-0.223945	0.0128286
0.013600	-0.217724	0.0127135
0.013650	-0.212515	0.0126522
0.013700	-0.207063	0.0124356
0.013750	-0.200269	0.0124944
0.013800	-0.193223	0.0125717
0.013850	-0.188791	0.0125593
0.013900	-0.184602	0.0126734
0.013950	-0.179908	0.0125709
0.014000	-0.176885	0.0125349
0.014050	-0.17466	0.0125431
0.014100	-0.170344	0.0124774
0.014150	-0.165329	0.0123726
0.014200	-0.162336	0.0122852
0.014250	-0.156952	0.0119959
0.014300	-0.152053	0.0119697
0.014350	-0.148467	0.0120229
0.014400	-0.144045	0.0120844
0.014450	-0.141829	0.0120605
0.014500	-0.140225	0.0120867
0.014550	-0.139769	0.0121388
0.014600	-0.138719	0.0120863
0.014650	-0.135016	0.0119984
0.014700	-0.132295	0.0120023
0.014750	-0.131119	0.0118861
0.014800	-0.128009	0.0118079
0.014850	-0.126803	0.0119178
0.014900	-0.123917	0.0118446
0.014950	-0.120953	0.0119192
0.015000	-0.120243	0.0120265
0.015050	-0.118989	0.0119207
0.015100	-0.116521	0.0119012
0.015150	-0.116414	0.0117538
0.015200	-0.11518	0.0117643
0.015250	-0.114635	0.0117667
0.015300	-0.111885	0.0116496
0.015350	-0.111234	0.0116548
0.015400	-0.109824	0.0116243
0.015450	-0.109824	0.0117938
0.015500	-0.107793	0.0118058
0.015550	-0.106889	0.0117847
0.015600	-0.10513	0.0117835
0.015650	-0.104119	0.0118312
0.015700	-0.103867	0.0119099
0.015750	-0.102108	0.0119269
0.015800	-0.100844	0.0118764
0.015850	-0.101301	0.011975
0.015900	-0.102137	0.0117975
0.015950	-0.10375	0.0117626
0.016000	-0.103595	0.011859
0.016050	-0.10443	0.0118295
0.016100	-0.104003	0.0118151
0.016150	-0.102331	0.0117534
0.016200	-0.104255	0.0116856
0.016250	-0.104975	0.0116804
0.016300	-0.103779	0.0116191
0.016350	-0.103789	0.0116995
0.016400	-0.102156	0.0116803
0.016450	-0.102448	0.0118074
0.016500	-0.102176	0.0117705
0.016550	-0.0998041	0.0116233
0.016600	-0.100533	0.0116454
0.016650	-0.100611	0.0115832
0.016700	-0.100426	0.0116269
0.016750	-0.0987156	0.0115902
0.016800	-0.0995126	0.0114855
0.016850	-0.101942	0.0114473
0.016900	-0.102292	0.0114242
0.016950	-0.102331	0.0115104
0.017000	-0.101816	0.0116128
0.017050	-0.101048	0.0115617
0.017100	-0.0998916	0.0117222
0.017150	-0.101709	0.0117005
0.017200	-0.102487	0.0117582
0.017250	-0.102778	0.0115526
0.017300	-0.103216	0.0115584
0.017350	-0.102885	0.0115592
0.017400	-0.103818	0.0114911
0.017450	-0.104703	0.0114567
0.017500	-0.103867	0.0115373
0.017550	-0.10271	0.0114753
0.017600	-0.102749	0.0115171
0.017650	-0.102593	0.0115372
0.017700	-0.103011	0.0117448
0.017750	-0.104168	0.011648
0.017800	-0.103672	0.0114808
0.017850	-0.10443	0.011445
0.017900	-0.106394	0.0114013
0.017950	-0.108075	0.0114327
0.018000	-0.108668	0.0115149
0.018050	-0.108221	0.0116752
0.018100	-0.110602	0.0117232
0.018150	-0.111146	0.0115069
0.018200	-0.111204	0.0114635
0.018250	-0.111467	0.0115985
0.018300	-0.11206	0.0115076
0.018350	-0.112517	0.0114817
0.018400	-0.111875	0.0114729
0.018450	-0.111661	0.0114238
0.018500	-0.112905	0.0113727
0.018550	-0.113625	0.0113435
0.018600	-0.113644	0.0113057
0.018650	-0.113255	0.0113244
0.018700	-0.113547	0.0112959
0.018750	-0.112886	0.0113337
0.018800	-0.11276	0.0113638
0.018850	-0.112701	0.0113807
0.018900	-0.113887	0.0113226
0.018950	-0.114159	0.0112125
0.019000	-0.114616	0.01127
0.019050	-0.114917	0.0112179
0.019100	-0.115073	0.0111667
0.019150	-0.116414	0.011185
0.019200	-0.117512	0.0111847
0.019250	-0.117804	0.0110841
0.019300	-0.118834	0.0110605
0.019350	-0.119874	0.0112457
0.019400	-0.12071	0.0112688
0.019450	-0.121341	0.0112786
0.019500	-0.121157	0.0110686
0.019550	-0.121604	0.0110362
0.019600	-0.121614	0.0110806
0.019650	-0.121808	0.0111239
0.019700	-0.121526	0.0112001
0.019750	-0.121934	0.0110758
0.019800	-0.121759	0.0111178
0.019850	-0.122031	0.0110107
0.019900	-0.122099	0.0110157
0.019950	-0.121341	0.0111311
0.020000	-0.119709	0.0111771
0.020050	-0.121876	0.0112736
0.020100	-0.122838	0.0111757
0.020150	-0.121128	0.0111898
0.020200	-0.12174	0.0111626
0.020250	-0.123791	0.0112127
0.020300	-0.123499	0.0113493
0.020350	-0.121264	0.0112391
0.020400	-0.122177	0.0112816
0.020450	-0.122012	0.0113947
0.020500	-0.122031	0.0113465
0.020550	-0.123023	0.0112031
0.020600	-0.121905	0.0112212
0.020650	-0.122517	0.0111835
0.020700	-0.122858	0.0111323
0.020750	-0.123897	0.0112033
0.020800	-0.125248	0.0110285
0.020850	-0.124937	0.0110623
0.020900	-0.12382	0.0112838
0.020950	-0.124908	0.0112712
0.021000	-0.125064	0.0113103
0.021050	-0.124733	0.011343
0.021100	-0.126988	0.0111976
0.021150	-0.128835	0.0111973
0.021200	-0.125919	0.0112789
0.021250	-0.125861	0.0113424
0.021300	-0.126969	0.0112034
0.021350	-0.128077	0.0112038
0.021400	-0.127766	0.0112406
0.021450	-0.128475	0.0112082
0.021500	-0.129943	0.0111716
0.021550	-0.128951	0.0112875
0.021600	-0.128339	0.0112912
0.021650	-0.127367	0.0113211
0.021700	-0.128893	0.0113769
0.021750	-0.128981	0.01151
0.021800	-0.127396	0.0115402
0.021850	-0.127853	0.0115288
0.021900	-0.127571	0.0114536
0.021950	-0.128271	0.0115206
0.022000	-0.128057	0.0113902
0.022050	-0.128903	0.011594
0.022100	-0.131021	0.0116977
0.022150	-0.131138	0.0118346
0.022200	-0.131167	0.0118587
0.022250	-0.131663	0.0119552
0.022300	-0.128456	0.0120383
0.022350	-0.128222	0.0119496
0.022400	-0.127542	0.0119264
0.022450	-0.127513	0.0119434
0.022500	-0.127396	0.0119579
0.022550	-0.126687	0.012013
0.022600	-0.126677	0.0120619
0.022650	-0.126706	0.0122388
0.022700	-0.127688	0.0121757
0.022750	-0.12797	0.0122717
0.022800	-0.126318	0.0122557
0.022850	-0.125861	0.0121616
0.022900	-0.125686	0.0121911
0.022950	-0.125695	0.0122291
0.023000	-0.12414	0.0121597
0.023050	-0.124597	0.0122434
0.023100	-0.125073	0.0122619
0.023150	-0.125977	0.0121328
0.023200	-0.126279	0.0122214
0.023250	-0.125773	0.0122888
0.023300	-0.125637	0.0123617
0.023350	-0.125579	0.0124626
0.023400	-0.125997	0.012483
0.023450	-0.127076	0.0124545
0.023500	-0.128057	0.012519
0.023550	-0.128096	0.0125949
0.023600	-0.126969	0.0124302
0.023650	-0.126745	0.0125747
0.023700	-0.126619	0.0126465
0.023750	-0.127027	0.0126705
0.023800	-0.126648	0.0126441
0.023850	-0.125715	0.0127166
0.023900	-0.127251	0.0126405
0.023950	-0.128631	0.0127656
0.024000	-0.128981	0.012789
0.024050	-0.127824	0.012748
0.024100	-0.129272	0.012769
0.024150	-0.128329	0.0126673
0.024200	-0.127562	0.0127221
0.024250	-0.128358	0.0126429
0.024300	-0.129175	0.0127272
0.024350	-0.129068	0.0127882
0.024400	-0.129904	0.0126392
0.024450	-0.130011	0.0127288
0.024500	-0.129914	0.0127127
0.024550	-0.130351	0.0127438
0.024600	-0.129641	0.0127634
0.024650	-0.129991	0.0128255
0.024700	-0.130497	0.0127096
0.024750	-0.130633	0.0127509
0.024800	-0.13143	0.0127338
0.024850	-0.132732	0.0126539
0.024900	-0.132343	0.0127458
0.024950	-0.130895	0.0126341
0.025000	-0.131566	0.0126344
0.025050	-0.132178	0.0127647
0.025100	-0.131964	0.0128365
0.025150	-0.131313	0.0128353
0.025200	-0.130225	0.0126088
0.025250	-0.129855	0.0128258
0.025300	-0.131158	0.0128293
0.025350	-0.13106	0.0127613
0.025400	-0.131585	0.0128013
0.025450	-0.13141	0.0127664
0.025500	-0.130769	0.012697
0.025550	-0.129923	0.0127277
0.025600	-0.130283	0.0127798
0.025650	-0.130487	0.0127243
0.025700	-0.129583	0.0126539
0.025750	-0.130642	0.0127268
0.025800	-0.13106	0.0127001
0.025850	-0.130516	0.0126826
0.025900	-0.130798	0.0127283
0.025950	-0.130545	0.0127553
0.026000	-0.13316	0.0127622
0.026050	-0.134404	0.0128566
0.026100	-0.133947	0.0127369
0.026150	-0.134277	0.0126339
0.026200	-0.132236	0.0125927
0.026250	-0.134073	0.0124241
0.026300	-0.13523	0.0123534
0.026350	-0.134326	0.0125049
0.026400	-0.134073	0.0126413
0.026450	-0.132538	0.0126631
0.026500	-0.13211	0.012596
0.026550	-0.132936	0.0126249
0.026600	-0.132985	0.0127143
0.026650	-0.133753	0.0125133
0.026700	-0.133471	0.0124178
0.026750	-0.135288	0.012304
0.026800	-0.136843	0.012406
0.026850	-0.137689	0.0125526
0.026900	-0.137339	0.0124116
0.026950	-0.137572	0.012373
0.027000	-0.137436	0.0124019
0.027050	-0.137115	0.0124
0.027100	-0.137339	0.0124782
0.027150	-0.137144	0.0124131
0.027200	-0.139341	0.0124102
0.027250	-0.139798	0.0124336
0.027300	-0.139545	0.0124316
0.027350	-0.138991	0.0124884
0.027400	-0.138534	0.0124239
0.027450	-0.13729	0.0123406
0.027500	-0.138097	0.0122786
0.027550	-0.138826	0.0124033
0.027600	-0.13901	0.0122969
0.027650	-0.140303	0.012253
0.027700	-0.140012	0.0123126
0.027750	-0.139535	0.0124185
0.027800	-0.139642	0.012228
0.027850	-0.139992	0.0122334
0.027900	-0.139691	0.0123167
0.027950	-0.140391	0.0122724
0.028000	-0.140439	0.0121927
0.028050	-0.141411	0.0121066
0.028100	-0.140556	0.0120448
0.028150	-0.141528	0.0120992
0.028200	-0.141479	0.0120124
0.028250	-0.141508	0.0120483
0.028300	-0.143024	0.012129
0.028350	-0.143773	0.0120434
0.028400	-0.144745	0.0120377
0.028450	-0.143996	0.0120397
0.028500	-0.144764	0.0120204
0.028550	-0.144686	0.0119567
0.028600	-0.143831	0.0119983
0.028650	-0.144784	0.0119489
0.028700	-0.141401	0.0119149
0.028750	-0.141868	0.0117718
0.028800	-0.142295	0.0118769
0.028850	-0.143909	0.0118593
0.028900	-0.144939	0.0117014
0.028950	-0.144822	0.0115874
0.029000	-0.144405	0.0115755
0.029050	-0.144813	0.0116538
0.029100	-0.14524	0.011684
0.029150	-0.146582	0.0117612
0.029200	-0.146465	0.0117289
0.029250	-0.14665	0.0117249
0.029300	-0.146873	0.0117706
0.029350	-0.146173	0.0117127
0.029400	-0.146348	0.0116607
0.029450	-0.148496	0.0115098
0.029500	-0.1487	0.0114765
0.029550	-0.14939	0.0115257
0.029600	-0.150071	0.0113932
0.029650	-0.151334	0.0113628
0.029700	-0.150372	0.011353
0.029750	-0.15078	0.0112999
0.029800	-0.150459	0.0112536
0.029850	-0.15044	0.0112809
0.029900	-0.150139	0.0113156
0.029950	-0.149886	0.011418
0.030000	-0.151247	0.0114569
0.030050	-0.150596	0.0114085
0.030100	-0.15113	0.0113765
0.030150	-0.152821	0.0113053
0.030200	-0.152666	0.011159
0.030250	-0.154396	0.0110632
0.030300	-0.152675	0.011049
0.030350	-0.154085	0.0109189
0.030400	-0.153812	0.0109878
0.030450	-0.153774	0.0110412
0.030500	-0.154736	0.0109953
0.030550	-0.155241	0.0109198
0.030600	-0.15633	0.0108752
0.030650	-0.154852	0.0108735
0.030700	-0.155455	0.0107759
0.030750	-0.155815	0.0108394
0.030800	-0.155659	0.0108204
0.030850	-0.157457	0.0108057
0.030900	-0.158516	0.0108952
0.030950	-0.15874	0.0108616
0.031000	-0.157214	0.0108025
0.031050	-0.156301	0.0106956
0.031100	-0.157389	0.0106813
0.031150	-0.156184	0.0107456
0.031200	-0.158682	0.0106638
0.031250	-0.160324	0.0106347
0.031300	-0.160694	0.0107328
0.031350	-0.160412	0.0106248
0.031400	-0.158594	0.0107107
0.031450	-0.160091	0.0107748
0.031500	-0.160324	0.0107221
0.031550	-0.160237	0.010591
0.031600	-0.161918	0.0106478
0.031650	-0.16115	0.0107039
0.031700	-0.161131	0.0106994
0.031750	-0.161792	0.0106454
0.031800	-0.162443	0.0105685
0.031850	-0.161695	0.010549
0.031900	-0.161772	0.0106264
0.031950	-0.161947	0.0105998
0.032000	-0.163327	0.0105581
0.032050	-0.163434	0.0105436
0.032100	-0.163979	0.0104495
0.032150	-0.165835	0.0103948
0.032200	-0.16392	0.0105952
0.032250	-0.164076	0.0105865
0.032300	-0.164047	0.0105543
0.032350	-0.16391	0.010506
0.032400	-0.165203	0.0106231
0.032450	-0.165368	0.0105975
0.032500	-0.167011	0.0106535
0.032550	-0.166379	0.0104819
0.032600	-0.166292	0.0103882
0.032650	-0.16738	0.0102535
0.032700	-0.168896	0.0102712
0.032750	-0.168537	0.0102975
0.032800	-0.166914	0.0103287
0.032850	-0.167934	0.0102989
0.032900	-0.168002	0.0103038
0.032950	-0.169917	0.0100964
0.033000	-0.16913	0.0101307
0.033050	-0.168984	0.0100921
0.033100	-0.169256	0.00993781
0.033150	-0.170918	0.0100302
0.033200	-0.171093	0.0101683
0.033250	-0.17223	0.0100733
0.033300	-0.172755	0.0100624
0.033350	-0.172823	0.0100861
0.033400	-0.173853	0.0100795
0.033450	-0.173425	0.010082
0.033500	-0.172823	0.0100447
0.033550	-0.17259	0.0098732
0.033600	-0.172862	0.00988276
0.033650	-0.174543	0.00990663
0.033700	-0.174553	0.00986956
0.033750	-0.175427	0.00992994
0.033800	-0.173795	0.00984754
0.033850	-0.172959	0.00974352
0.033900	-0.172512	0.00981655
0.033950	-0.172881	0.0098424
0.034000	-0.175165	0.00971658
0.034050	-0.175525	0.00983346
0.034100	-0.175797	0.00979182
0.034150	-0.176292	0.00983712
0.034200	-0.1774	0.00989043
0.034250	-0.177886	0.00980026
0.034300	-0.177886	0.0097608
0.034350	-0.176059	0.00981576
0.034400	-0.174844	0.00976605
0.034450	-0.175185	0.00979818
0.034500	-0.176924	0.00973875
0.034550	-0.177663	0.00968162
0.034600	-0.179218	0.0096224
0.034650	-0.178732	0.00965114
0.034700	-0.178022	0.00955393
0.034750	-0.177362	0.00952558
0.034800	-0.179004	0.00961035
0.034850	-0.179918	0.00958401
0.034900	-0.179957	0.00956807
0.034950	-0.180608	0.00948724
0.035000	-0.180413	0.00956981
0.035050	-0.180413	0.00971963
0.035100	-0.180258	0.00960938
0.035150	-0.180277	0.00963468
0.035200	-0.182318	0.00957812
0.035250	-0.182629	0.00955653
0.035300	-0.182182	0.00956925
0.035350	-0.182649	0.00940728
0.035400	-0.183582	0.00949205
0.035450	-0.183436	0.00935274
0.035500	-0.183621	0.00929866
0.035550	-0.184476	0.00940416
0.035600	-0.185312	0.00936049
0.035650	-0.185108	0.00930305
0.035700	-0.186313	0.00935012
0.035750	-0.185564	0.00924276
0.035800	-0.185321	0.00928777
0.035850	-0.185739	0.00921264
0.035900	-0.187732	0.00907755
0.035950	-0.187392	0.00913758
0.036000	-0.187285	0.00913191
0.036050	-0.18674	0.00916216
0.036100	-0.18779	0.00919781
0.036150	-0.18919	0.00913298
0.036200	-0.190336	0.00908441
0.036250	-0.189607	0.00897336
0.036300	-0.189695	0.00904459
0.036350	-0.18884	0.00922858
0.036400	-0.189724	0.00926143
0.036450	-0.188208	0.00909795
0.036500	-0.188441	0.00890197
0.036550	-0.189802	0.00886842
0.036600	-0.189821	0.00891423
0.036650	-0.190657	0.00882669
0.036700	-0.190268	0.00885189
0.036750	-0.18745	0.00899932
0.036800	-0.187839	0.00891014
0.036850	-0.189364	0.00888471
0.036900	-0.188985	0.00869459
0.036950	-0.190492	0.00866431
0.037000	-0.188966	0.00876898
0.037050	-0.188227	0.00880865
0.037100	-0.189044	0.00889416
0.037150	-0.190628	0.0088686
0.037200	-0.191435	0.00866937
0.037250	-0.191969	0.00868708
0.037300	-0.190599	0.0086432
0.037350	-0.191075	0.00867609
0.037400	-0.191969	0.00870568
0.037450	-0.193816	0.00871369
0.037500	-0.193719	0.00850192
0.037550	-0.192834	0.00858539
0.037600	-0.194379	0.00864131
0.037650	-0.194584	0.00865312
0.037700	-0.194107	0.0085862
0.037750	-0.196032	0.00851367
0.037800	-0.196352	0.00851947
0.037850	-0.19576	0.00851894
0.037900	-0.196119	0.00835407
0.037950	-0.195857	0.00841285
0.038000	-0.197217	0.00842769
0.038050	-0.198082	0.0084364
0.038100	-0.198345	0.00859137
0.038150	-0.19746	0.00860916
0.038200	-0.197733	0.00847371
0.038250	-0.196236	0.00827126
0.038300	-0.196236	0.00834545
0.038350	-0.195371	0.00846671
0.038400	-0.197179	0.00846775
0.038450	-0.197004	0.00848487
0.038500	-0.196051	0.00843042
0.038550	-0.196382	0.00833029
0.038600	-0.19817	0.00820688
0.038650	-0.198909	0.00822691
0.038700	-0.198967	0.00825081
0.038750	-0.198646	0.00825514
0.038800	-0.199317	0.00814932
0.038850	-0.198228	0.00812664
0.038900	-0.19815	0.00802412
0.038950	-0.199151	0.00812138
0.039000	-0.200959	0.00806516
0.039050	-0.200094	0.00796338
0.039100	-0.198831	0.00803548
0.039150	-0.199336	0.00787599
0.039200	-0.202203	0.00801938
0.039250	-0.201941	0.00799327
0.039300	-0.199978	0.00796287
0.039350	-0.201154	0.00792652
0.039400	-0.201581	0.00788975
0.039450	-0.201766	0.00788091
0.039500	-0.201591	0.0079049
0.039550	-0.20197	0.00773417
0.039600	-0.201746	0.00776493
0.039650	-0.201066	0.00778077
0.039700	-0.200775	0.00783773
0.039750	-0.201056	0.00769542
0.039800	-0.20196	0.00779313
0.039850	-0.202689	0.0077462
0.039900	-0.202368	0.00772562
0.039950	-0.202067	0.00768738
0.040000	-0.202709	0.00774948
0.040050	-0.2023	0.00772981
0.040100	-0.20335	0.00755321
0.040150	-0.204137	0.0075389
0.040200	-0.204312	0.00764391
0.040250	-0.204079	0.00759535
0.040300	-0.20404	0.00753257
0.040350	-0.204759	0.00749029
0.040400	-0.203301	0.00734818
0.040450	-0.204934	0.0074516
0.040500	-0.206334	0.00747832
0.040550	-0.206169	0.00755659
0.040600	-0.20577	0.0074786
0.040650	-0.205138	0.00737502
0.040700	-0.205984	0.00733324
0.040750	-0.204954	0.00733342
0.040800	-0.20717	0.00728698
0.040850	-0.207043	0.00734296
0.040900	-0.206655	0.00733557
0.040950	-0.206703	0.00733339
0.041000	-0.206402	0.00720083
0.041050	-0.206781	0.00720606
0.041100	-0.208103	0.00719029
0.041150	-0.206703	0.00725901
0.041200	-0.207131	0.00727651
0.041250	-0.206499	0.00732639
0.041300	-0.207121	0.00733855
0.041350	-0.207578	0.0073201
0.041400	-0.207714	0.00726038
0.041450	-0.209045	0.00728412
0.041500	-0.209803	0.00727905
0.041550	-0.210085	0.00729183
0.041600	-0.210639	0.00716968
0.041650	-0.210183	0.00712064
0.041700	-0.211018	0.00714163
0.041750	-0.211951	0.00723127
0.041800	-0.210931	0.00712586
0.041850	-0.210562	0.0071676
0.041900	-0.21028	0.00711466
0.041950	-0.209823	0.00714803
0.042000	-0.209765	0.0070535
0.042050	-0.209424	0.0069616
0.042100	-0.210834	0.00700894
0.042150	-0.210299	0.00708122
0.042200	-0.209405	0.00702832
0.042250	-0.20992	0.00701088
0.042300	-0.210571	0.00705237
0.042350	-0.21097	0.006946
0.042400	-0.211427	0.00687706
0.042450	-0.212233	0.00692264
0.042500	-0.21129	0.00688681
0.042550	-0.211553	0.00689465
0.042600	-0.210873	0.00687368
0.042650	-0.208326	0.00677511
0.042700	-0.208122	0.0068648
0.042750	-0.208491	0.00699495
0.042800	-0.208948	0.00695018
0.042850	-0.209774	0.00690511
0.042900	-0.211184	0.00698087
0.042950	-0.211067	0.00702868
0.043000	-0.212379	0.0068602
0.043050	-0.210562	0.00678284
0.043100	-0.212185	0.00680502
0.043150	-0.211883	0.00677763
0.043200	-0.211213	0.00679416
0.043250	-0.212428	0.00674108
0.043300	-0.214624	0.00666269
0.043350	-0.214916	0.00661257
0.043400	-0.213876	0.00662043
0.043450	-0.214255	0.00665834
0.043500	-0.214605	0.00671638
0.043550	-0.215382	0.00677335
0.043600	-0.215324	0.00670639
0.043650	-0.216237	0.00671372
0.043700	-0.215849	0.00660834
0.043750	-0.213827	0.00648309
0.043800	-0.215538	0.00657884
0.043850	-0.216957	0.00660475
0.043900	-0.217501	0.0067247
0.043950	-0.216636	0.00667915
0.044000	-0.215168	0.00664836
0.044050	-0.21475	0.00669966
0.044100	-0.216597	0.00666316
0.044150	-0.217326	0.00664834
0.044200	-0.218891	0.00671692
0.044250	-0.217268	0.00662042
0.044300	-0.214867	0.00664952
0.044350	-0.217443	0.00676764
0.044400	-0.218055	0.00667187
0.044450	-0.218065	0.0064862
0.044500	-0.217336	0.00641865
0.044550	-0.215975	0.00649761
0.044600	-0.216548	0.00639386
0.044650	-0.217268	0.0064497
0.044700	-0.216801	0.00644098
0.044750	-0.217394	0.00651172
0.044800	-0.216383	0.0064178
0.044850	-0.216014	0.00647596
0.044900	-0.21685	0.00644863
0.044950	-0.216131	0.00637889
