"Time"	"1 highgain"	"SEM"
-0.005000	-0.167809	0.0122419
-0.004950	-0.166583	0.0121543
-0.004900	-0.165834	0.0120019
-0.004850	-0.16677	0.0119878
-0.004800	-0.165956	0.0120048
-0.004750	-0.165254	0.0121582
-0.004700	-0.165956	0.0120556
-0.004650	-0.165628	0.0120948
-0.004600	-0.166836	0.0120904
-0.004550	-0.166227	0.0119958
-0.004500	-0.166377	0.0120723
-0.004450	-0.165375	0.0120066
-0.004400	-0.168099	0.0120011
-0.004350	-0.169223	0.0120484
-0.004300	-0.169681	0.0121161
-0.004250	-0.168614	0.011936
-0.004200	-0.168708	0.0118862
-0.004150	-0.169728	0.0119189
-0.004100	-0.171086	0.0120244
-0.004050	-0.170664	0.0119977
-0.004000	-0.17102	0.0120798
-0.003950	-0.172069	0.0121225
-0.003900	-0.171357	0.0121257
-0.003850	-0.172509	0.0120797
-0.003800	-0.17336	0.0120429
-0.003750	-0.173304	0.0121155
-0.003700	-0.174503	0.0120219
-0.003650	-0.174278	0.0120434
-0.003600	-0.1741	0.0120638
-0.003550	-0.17513	0.012067
-0.003500	-0.174989	0.0120581
-0.003450	-0.174512	0.0121403
-0.003400	-0.175223	0.0121084
-0.003350	-0.17381	0.0121171
-0.003300	-0.172218	0.0121232
-0.003250	-0.174699	0.0120972
-0.003200	-0.175832	0.0120301
-0.003150	-0.174212	0.0120887
-0.003100	-0.174699	0.0121556
-0.003050	-0.173726	0.0121205
-0.003000	-0.173866	0.0120777
-0.002950	-0.173229	0.0120365
-0.002900	-0.173557	0.012168
-0.002850	-0.172789	0.0122188
-0.002800	-0.17307	0.012123
-0.002750	-0.170842	0.0121377
-0.002700	-0.169195	0.0120979
-0.002650	-0.170355	0.012108
-0.002600	-0.171001	0.012248
-0.002550	-0.170608	0.0121884
-0.002500	-0.169831	0.0121205
-0.002450	-0.169859	0.0120916
-0.002400	-0.168436	0.0122002
-0.002350	-0.167004	0.0122468
-0.002300	-0.166695	0.0123537
-0.002250	-0.166873	0.0123286
-0.002200	-0.166995	0.0121975
-0.002150	-0.165946	0.0122087
-0.002100	-0.166592	0.0122916
-0.002050	-0.166499	0.0122245
-0.002000	-0.167219	0.0121765
-0.001950	-0.164346	0.0123194
-0.001900	-0.162511	0.0122061
-0.001850	-0.162642	0.0123486
-0.001800	-0.162586	0.0124496
-0.001750	-0.1637	0.0125169
-0.001700	-0.163587	0.0124657
-0.001650	-0.162904	0.0124993
-0.001600	-0.162698	0.0125079
-0.001550	-0.163746	0.0124907
-0.001500	-0.164626	0.0125118
-0.001450	-0.164982	0.0125836
-0.001400	-0.165488	0.0126482
-0.001350	-0.165366	0.0125746
-0.001300	-0.16457	0.0125939
-0.001250	-0.165572	0.0126059
-0.001200	-0.165478	0.012464
-0.001150	-0.168015	0.0126044
-0.001100	-0.168436	0.012633
-0.001050	-0.169232	0.0126519
-0.001000	-0.168511	0.0125826
-0.000950	-0.168277	0.0126193
-0.000900	-0.170281	0.0126595
-0.000850	-0.170093	0.012696
-0.000800	-0.168521	0.012698
-0.000750	-0.168558	0.0127602
-0.000700	-0.16721	0.012631
-0.000650	-0.166789	0.0126542
-0.000600	-0.168642	0.0126869
-0.000550	-0.169447	0.0126281
-0.000500	-0.168624	0.0125271
-0.000450	-0.168174	0.0124817
-0.000400	-0.167884	0.0125841
-0.000350	-0.167744	0.0125977
-0.000300	-0.167482	0.0125324
-0.000250	-0.169176	0.012552
-0.000200	-0.168259	0.0126933
-0.000150	-0.168493	0.0126858
-0.000100	-0.167791	0.012661
-0.000050	-0.169354	0.0124812
0.000000	-0.170037	0.0125495
0.000050	-0.170374	0.0124549
0.000100	-0.169513	0.0124511
0.000150	-0.16589	0.0125045
0.000200	-0.16575	0.0124749
0.000250	-0.16633	0.0124704
0.000300	-0.166003	0.0124808
0.000350	-0.166208	0.0125056
0.000400	-0.166602	0.01251
0.000450	-0.1678	0.0124963
0.000500	-0.168184	0.0124101
0.000550	-0.1678	0.0123761
0.000600	-0.166077	0.0122787
0.000650	-0.166545	0.012292
0.000700	-0.167257	0.0123935
0.000750	-0.167613	0.0123883
0.000800	-0.166134	0.01228
0.000850	-0.165057	0.0124521
0.000900	-0.166049	0.0124079
0.000950	-0.165703	0.0124729
0.001000	-0.165918	0.0125045
0.001050	-0.167613	0.0125409
0.001100	-0.165319	0.0125566
0.001150	-0.164907	0.0125372
0.001200	-0.165057	0.0123765
0.001250	-0.165544	0.012304
0.001300	-0.166555	0.012413
0.001350	-0.168352	0.0124522
0.001400	-0.168446	0.0125183
0.001450	-0.169157	0.0125275
0.001500	-0.168783	0.012446
0.001550	-0.169354	0.0124481
0.001600	-0.169279	0.0124779
0.001650	-0.169316	0.0124976
0.001700	-0.169139	0.0125481
0.001750	-0.169213	0.0126304
0.001800	-0.169344	0.0125416
0.001850	-0.17117	0.0124655
0.001900	-0.171554	0.012384
0.001950	-0.170561	0.0124857
0.002000	-0.170917	0.0125339
0.002050	-0.170627	0.0125565
0.002100	-0.169195	0.0125555
0.002150	-0.168034	0.0125112
0.002200	-0.168287	0.0126011
0.002250	-0.169766	0.0124785
0.002300	-0.169831	0.0124737
0.002350	-0.168933	0.0124274
0.002400	-0.16868	0.0125411
0.002450	-0.168062	0.0125286
0.002500	-0.168933	0.0127074
0.002550	-0.169541	0.0127384
0.002600	-0.169813	0.012723
0.002650	-0.169073	0.0128003
0.002700	-0.169869	0.0127884
0.002750	-0.17058	0.0126443
0.002800	-0.169738	0.0124695
0.002850	-0.16911	0.0124534
0.002900	-0.167819	0.0125177
0.002950	-0.167351	0.012493
0.003000	-0.168521	0.0124643
0.003050	-0.167641	0.0125029
0.003100	-0.169401	0.0124524
0.003150	-0.168371	0.012483
0.003200	-0.167463	0.0124831
0.003250	-0.166433	0.0125014
0.003300	-0.165413	0.0124602
0.003350	-0.165188	0.0123368
0.003400	-0.165478	0.0123188
0.003450	-0.165563	0.0123955
0.003500	-0.165694	0.0124067
0.003550	-0.164842	0.0124073
0.003600	-0.164963	0.0124897
0.003650	-0.165797	0.012459
0.003700	-0.163821	0.0125461
0.003750	-0.163784	0.012574
0.003800	-0.165179	0.0125508
0.003850	-0.165759	0.0125692
0.003900	-0.165534	0.0126452
0.003950	-0.166826	0.0126209
0.004000	-0.16458	0.0126793
0.004050	-0.16546	0.0126717
0.004100	-0.167051	0.0126199
0.004150	-0.166686	0.0127865
0.004200	-0.166751	0.0128632
0.004250	-0.168727	0.0128868
0.004300	-0.169316	0.0128803
0.004350	-0.169756	0.0127705
0.004400	-0.170552	0.0126979
0.004450	-0.171601	0.0128635
0.004500	-0.170655	0.0127499
0.004550	-0.17117	0.0126972
0.004600	-0.172462	0.0127388
0.004650	-0.17278	0.0127305
0.004700	-0.172743	0.0127791
0.004750	-0.172677	0.0128915
0.004800	-0.172041	0.0129067
0.004850	-0.174128	0.012858
0.004900	-0.173061	0.0127474
0.004950	-0.171863	0.012674
0.005000	-0.172087	0.01266
0.005050	-0.170355	0.0128429
0.005100	-0.171479	0.012889
0.005150	-0.172312	0.0127793
0.005200	-0.171423	0.0128144
0.005250	-0.171357	0.0127771
0.005300	-0.173351	0.0127817
0.005350	-0.433153	0.0297397
0.005400	-1.38698	0.0132673
0.005450	-1.43241	0.0129532
0.005500	-1.52601	0.0131489
0.005550	-1.51846	0.0182942
0.005600	-0.589654	0.0182957
0.005650	-0.503615	0.0127363
0.005700	-0.460825	0.0130181
0.005750	-0.386534	0.0129654
0.005800	-0.333259	0.0128347
0.005850	-0.301469	0.0127551
0.005900	-0.28269	0.0126465
0.005950	-0.268171	0.0126944
0.006000	-0.257733	0.0127805
0.006050	-0.249402	0.0129106
0.006100	-0.243729	0.0130048
0.006150	-0.238571	0.013036
0.006200	-0.234396	0.0130646
0.006250	-0.230604	0.0129374
0.006300	-0.228002	0.0128254
0.006350	-0.224239	0.0129763
0.006400	-0.222432	0.0128394
0.006450	-0.219708	0.0127779
0.006500	-0.216038	0.0127969
0.006550	-0.215402	0.0127998
0.006600	-0.212912	0.0128665
0.006650	-0.21059	0.0128462
0.006700	-0.206162	0.0129908
0.006750	-0.204093	0.0130116
0.006800	-0.197222	0.0129459
0.006850	-0.193328	0.0130543
0.006900	-0.18993	0.0130042
0.006950	-0.187468	0.0128811
0.007000	-0.184865	0.0128487
0.007050	-0.186672	0.0128684
0.007100	-0.190819	0.0129191
0.007150	-0.194545	0.012993
0.007200	-0.196342	0.012963
0.007250	-0.19564	0.0130733
0.007300	-0.196155	0.0131394
0.007350	-0.196829	0.0130435
0.007400	-0.195022	0.0130729
0.007450	-0.194433	0.0129953
0.007500	-0.192654	0.0129883
0.007550	-0.194423	0.0130728
0.007600	-0.20531	0.0131233
0.007650	-0.207482	0.013106
0.007700	-0.205498	0.0130738
0.007750	-0.201978	0.0130412
0.007800	-0.197681	0.0129755
0.007850	-0.195331	0.0129413
0.007900	-0.195724	0.0130194
0.007950	-0.195809	0.0130599
0.008000	-0.193712	0.0130663
0.008050	-0.195135	0.0129921
0.008100	-0.199787	0.0129178
0.008150	-0.203447	0.0128738
0.008200	-0.204589	0.0129576
0.008250	-0.204337	0.012814
0.008300	-0.207098	0.0128695
0.008350	-0.211273	0.0129689
0.008400	-0.224005	0.0128445
0.008450	-0.239404	0.012712
0.008500	-0.250338	0.0127153
0.008550	-0.260382	0.0126463
0.008600	-0.287174	0.0124476
0.008650	-0.32299	0.012457
0.008700	-0.349305	0.0125217
0.008750	-0.355708	0.0126273
0.008800	-0.356747	0.0126727
0.008850	-0.377435	0.0126609
0.008900	-0.400979	0.0128716
0.008950	-0.421629	0.0131184
0.009000	-0.446895	0.0133586
0.009050	-0.476055	0.0130956
0.009100	-0.499	0.0126068
0.009150	-0.5097	0.0125857
0.009200	-0.507725	0.0125906
0.009250	-0.493495	0.0125831
0.009300	-0.468857	0.0125705
0.009350	-0.448346	0.0126222
0.009400	-0.442355	0.0128606
0.009450	-0.465346	0.0129516
0.009500	-0.511366	0.0126857
0.009550	-0.566981	0.0123572
0.009600	-0.612121	0.0123218
0.009650	-0.627904	0.0124086
0.009700	-0.613796	0.0126432
0.009750	-0.592387	0.0128254
0.009800	-0.579076	0.0127156
0.009850	-0.578364	0.0126394
0.009900	-0.587314	0.01271
0.009950	-0.594063	0.0127922
0.010000	-0.600925	0.01291
0.010050	-0.609331	0.0127241
0.010100	-0.628316	0.0123942
0.010150	-0.653778	0.0123328
0.010200	-0.670535	0.0124701
0.010250	-0.66694	0.0125442
0.010300	-0.64891	0.0127383
0.010350	-0.621173	0.0129146
0.010400	-0.590618	0.0129804
0.010450	-0.563021	0.0129089
0.010500	-0.537437	0.0128834
0.010550	-0.51687	0.0128387
0.010600	-0.503699	0.0130033
0.010650	-0.503006	0.0126854
0.010700	-0.505356	0.0124943
0.010750	-0.503783	0.0123853
0.010800	-0.494609	0.0123956
0.010850	-0.480427	0.0124959
0.010900	-0.466086	0.0125108
0.010950	-0.452578	0.0125846
0.011000	-0.4395	0.0125229
0.011050	-0.427021	0.0123825
0.011100	-0.414786	0.0123135
0.011150	-0.403019	0.0122681
0.011200	-0.395568	0.0123893
0.011250	-0.389792	0.0124828
0.011300	-0.381086	0.0125508
0.011350	-0.373756	0.0126313
0.011400	-0.366716	0.0125207
0.011450	-0.362766	0.0123191
0.011500	-0.359143	0.012273
0.011550	-0.354266	0.0123824
0.011600	-0.347713	0.012517
0.011650	-0.341928	0.0126209
0.011700	-0.33574	0.0127665
0.011750	-0.327661	0.0131334
0.011800	-0.320032	0.0131208
0.011850	-0.312346	0.0130002
0.011900	-0.303687	0.0127269
0.011950	-0.292987	0.012388
0.012000	-0.284085	0.0123636
0.012050	-0.278506	0.0124084
0.012100	-0.274087	0.0125924
0.012150	-0.270726	0.0130066
0.012200	-0.270071	0.0131044
0.012250	-0.268133	0.0130135
0.012300	-0.264511	0.0128076
0.012350	-0.260598	0.0126926
0.012400	-0.255533	0.0127321
0.012450	-0.247333	0.01281
0.012500	-0.24049	0.012631
0.012550	-0.233356	0.0125579
0.012600	-0.224248	0.0126416
0.012650	-0.215598	0.0125553
0.012700	-0.20825	0.0124248
0.012750	-0.203925	0.0125395
0.012800	-0.199104	0.0125295
0.012850	-0.193899	0.012523
0.012900	-0.189827	0.0126321
0.012950	-0.185652	0.0127716
0.013000	-0.180999	0.0127209
0.013050	-0.174549	0.0125358
0.013100	-0.171086	0.0124534
0.013150	-0.164767	0.0124674
0.013200	-0.159019	0.0124102
0.013250	-0.155003	0.0124356
0.013300	-0.149489	0.0125703
0.013350	-0.146278	0.0127214
0.013400	-0.144079	0.0127334
0.013450	-0.142188	0.0126427
0.013500	-0.140269	0.0124356
0.013550	-0.136384	0.0123617
0.013600	-0.131413	0.01232
0.013650	-0.129054	0.0124099
0.013700	-0.124392	0.0125423
0.013750	-0.119412	0.01243
0.013800	-0.114104	0.012321
0.013850	-0.111183	0.0121526
0.013900	-0.109714	0.0121655
0.013950	-0.108422	0.0122168
0.014000	-0.107317	0.0124151
0.014050	-0.105913	0.012408
0.014100	-0.105407	0.0124236
0.014150	-0.101288	0.0122631
0.014200	-0.10053	0.0121435
0.014250	-0.0977311	0.0120637
0.014300	-0.0952691	0.0120621
0.014350	-0.094876	0.0119474
0.014400	-0.0933407	0.0120562
0.014450	-0.0930224	0.0121547
0.014500	-0.0924327	0.0122163
0.014550	-0.0917025	0.0123235
0.014600	-0.0922267	0.012524
0.014650	-0.09086	0.0125625
0.014700	-0.0895682	0.0124857
0.014750	-0.0871623	0.0123042
0.014800	-0.085056	0.0122976
0.014850	-0.0860203	0.01232
0.014900	-0.0864321	0.0122811
0.014950	-0.0846348	0.0122294
0.015000	-0.0841667	0.0120439
0.015050	-0.0829498	0.0117985
0.015100	-0.0825472	0.0117858
0.015150	-0.0819294	0.0116947
0.015200	-0.0835489	0.0115786
0.015250	-0.08192	0.0117938
0.015300	-0.0812367	0.0117693
0.015350	-0.0804503	0.0115777
0.015400	-0.0820324	0.0114537
0.015450	-0.0814426	0.0114513
0.015500	-0.0828936	0.0115823
0.015550	-0.0836612	0.0118186
0.015600	-0.0847471	0.0118289
0.015650	-0.0829217	0.0117146
0.015700	-0.0821447	0.0116215
0.015750	-0.0806376	0.0115178
0.015800	-0.0810214	0.0114569
0.015850	-0.0800572	0.0114451
0.015900	-0.080441	0.0114121
0.015950	-0.0815643	0.0113378
0.016000	-0.081686	0.0112693
0.016050	-0.0825566	0.0111463
0.016100	-0.0819668	0.0112132
0.016150	-0.0815269	0.0112723
0.016200	-0.0820137	0.011181
0.016250	-0.0831651	0.0113254
0.016300	-0.0835957	0.0112307
0.016350	-0.0853182	0.0111211
0.016400	-0.0854399	0.0109447
0.016450	-0.086947	0.0109442
0.016500	-0.0868628	0.0109674
0.016550	-0.087518	0.0110843
0.016600	-0.0871062	0.0111936
0.016650	-0.088398	0.0112193
0.016700	-0.0888099	0.011141
0.016750	-0.0885665	0.0110202
0.016800	-0.0879112	0.010924
0.016850	-0.0864321	0.0110258
0.016900	-0.0858611	0.0110287
0.016950	-0.0860109	0.0109873
0.017000	-0.0879019	0.0109135
0.017050	-0.0873215	0.0109106
0.017100	-0.0879487	0.0109149
0.017150	-0.0884729	0.0107623
0.017200	-0.089512	0.0107994
0.017250	-0.0905698	0.0107092
0.017300	-0.0928633	0.0107536
0.017350	-0.0935467	0.0107213
0.017400	-0.0928352	0.0105731
0.017450	-0.0937245	0.0106394
0.017500	-0.0933594	0.0106772
0.017550	-0.0941832	0.0106167
0.017600	-0.0952691	0.0106206
0.017650	-0.0957934	0.0106289
0.017700	-0.0965235	0.0106365
0.017750	-0.0991166	0.010689
0.017800	-0.100624	0.0106595
0.017850	-0.10185	0.010531
0.017900	-0.101878	0.0105738
0.017950	-0.102917	0.0105559
0.018000	-0.10493	0.0105604
0.018050	-0.107729	0.0106033
0.018100	-0.106128	0.0105989
0.018150	-0.106755	0.010535
0.018200	-0.108422	0.0103954
0.018250	-0.107794	0.0105344
0.018300	-0.109714	0.0104598
0.018350	-0.111342	0.0105385
0.018400	-0.111586	0.0105263
0.018450	-0.112952	0.0104029
0.018500	-0.113318	0.010483
0.018550	-0.114048	0.0104629
0.018600	-0.113477	0.010441
0.018650	-0.112981	0.0104313
0.018700	-0.114066	0.010359
0.018750	-0.115106	0.010397
0.018800	-0.115199	0.0103758
0.018850	-0.115564	0.0104356
0.018900	-0.11651	0.0104375
0.018950	-0.116837	0.0103112
0.019000	-0.118607	0.0103143
0.019050	-0.119346	0.0103521
0.019100	-0.120058	0.0103999
0.019150	-0.119664	0.0103447
0.019200	-0.119646	0.0104483
0.019250	-0.118429	0.0104544
0.019300	-0.118513	0.0104792
0.019350	-0.120179	0.0104451
0.019400	-0.119215	0.010524
0.019450	-0.118813	0.0104624
0.019500	-0.11959	0.010252
0.019550	-0.122585	0.0102236
0.019600	-0.123156	0.0101937
0.019650	-0.124654	0.0100787
0.019700	-0.12588	0.0100183
0.019750	-0.126039	0.0102011
0.019800	-0.128043	0.0100074
0.019850	-0.128296	0.00992715
0.019900	-0.127743	0.0100334
0.019950	-0.126489	0.0101423
0.020000	-0.127313	0.0100781
0.020050	-0.128445	0.0100429
0.020100	-0.12984	0.0100876
0.020150	-0.129391	0.00996536
0.020200	-0.130383	0.00994857
0.020250	-0.130552	0.00988198
0.020300	-0.129344	0.00992797
0.020350	-0.128764	0.0100036
0.020400	-0.128867	0.0101184
0.020450	-0.127884	0.0101666
0.020500	-0.130467	0.00999742
0.020550	-0.131432	0.0098786
0.020600	-0.133229	0.0100168
0.020650	-0.132929	0.00992197
0.020700	-0.133088	0.0097972
0.020750	-0.134362	0.00967436
0.020800	-0.137807	0.00984339
0.020850	-0.137984	0.00981263
0.020900	-0.13702	0.00988373
0.020950	-0.135354	0.00981733
0.021000	-0.135925	0.00984771
0.021050	-0.13497	0.00979371
0.021100	-0.136814	0.00992484
0.021150	-0.13776	0.0100187
0.021200	-0.139922	0.00997937
0.021250	-0.139941	0.00997202
0.021300	-0.139595	0.0100266
0.021350	-0.138949	0.0099122
0.021400	-0.138921	0.00991891
0.021450	-0.140606	0.00987893
0.021500	-0.140886	0.00992456
0.021550	-0.139566	0.00988355
0.021600	-0.140306	0.00988871
0.021650	-0.140821	0.00982917
0.021700	-0.141102	0.00982597
0.021750	-0.14171	0.00984988
0.021800	-0.141635	0.00987068
0.021850	-0.140662	0.00998398
0.021900	-0.140006	0.00997792
0.021950	-0.142019	0.00994478
0.022000	-0.143835	0.00991769
0.022050	-0.143751	0.00993035
0.022100	-0.143966	0.00981022
0.022150	-0.143601	0.00988353
0.022200	-0.145043	0.00988054
0.022250	-0.144827	0.00995798
0.022300	-0.14553	0.00992466
0.022350	-0.145211	0.0098814
0.022400	-0.144827	0.00990143
0.022450	-0.14376	0.00985482
0.022500	-0.143227	0.00991156
0.022550	-0.142946	0.0100288
0.022600	-0.141916	0.0100083
0.022650	-0.142375	0.0100058
0.022700	-0.142628	0.00995479
0.022750	-0.144004	0.0100363
0.022800	-0.144219	0.01006
0.022850	-0.143639	0.0100319
0.022900	-0.144406	0.0100513
0.022950	-0.144107	0.0100359
0.023000	-0.144537	0.0100846
0.023050	-0.144668	0.0100789
0.023100	-0.144762	0.0100829
0.023150	-0.143554	0.0100012
0.023200	-0.143966	0.0101113
0.023250	-0.143498	0.0101893
0.023300	-0.143592	0.0102374
0.023350	-0.143929	0.0102124
0.023400	-0.143479	0.0101296
0.023450	-0.142712	0.0100965
0.023500	-0.144219	0.0102254
0.023550	-0.145221	0.0104115
0.023600	-0.145342	0.0104215
0.023650	-0.144509	0.0103927
0.023700	-0.143845	0.0103913
0.023750	-0.143461	0.0103003
0.023800	-0.143629	0.0104387
0.023850	-0.143732	0.010427
0.023900	-0.1445	0.0106609
0.023950	-0.146185	0.0106891
0.024000	-0.145998	0.0105958
0.024050	-0.145904	0.0106299
0.024100	-0.145876	0.0107294
0.024150	-0.145221	0.0106436
0.024200	-0.146213	0.0107443
0.024250	-0.144575	0.0106584
0.024300	-0.143891	0.0106743
0.024350	-0.144781	0.0106396
0.024400	-0.143966	0.0107179
0.024450	-0.144462	0.0108089
0.024500	-0.145352	0.0107396
0.024550	-0.146971	0.0107853
0.024600	-0.145286	0.0108711
0.024650	-0.14303	0.010911
0.024700	-0.144313	0.0109447
0.024750	-0.14406	0.0109497
0.024800	-0.14377	0.0108996
0.024850	-0.141879	0.0109099
0.024900	-0.142553	0.0110608
0.024950	-0.142599	0.0110586
0.025000	-0.142225	0.0110309
0.025050	-0.143367	0.0111199
0.025100	-0.14332	0.0111995
0.025150	-0.141008	0.0110916
0.025200	-0.140016	0.011149
0.025250	-0.140063	0.0111523
0.025300	-0.139978	0.0112233
0.025350	-0.139426	0.0112641
0.025400	-0.139716	0.011187
0.025450	-0.1404	0.0111225
0.025500	-0.140877	0.0111524
0.025550	-0.141017	0.0112047
0.025600	-0.141532	0.0111727
0.025650	-0.141794	0.01112
0.025700	-0.14098	0.0113453
0.025750	-0.142749	0.0114122
0.025800	-0.142674	0.011447
0.025850	-0.141411	0.0114801
0.025900	-0.141383	0.0115247
0.025950	-0.140428	0.0115301
0.026000	-0.140671	0.0114484
0.026050	-0.140512	0.0114004
0.026100	-0.13995	0.0113973
0.026150	-0.141841	0.0113733
0.026200	-0.141916	0.0114568
0.026250	-0.142	0.0115094
0.026300	-0.143348	0.0115281
0.026350	-0.143807	0.0115934
0.026400	-0.142815	0.0116023
0.026450	-0.142824	0.0115218
0.026500	-0.144359	0.0114999
0.026550	-0.143835	0.0115367
0.026600	-0.144434	0.0115085
0.026650	-0.145483	0.0113978
0.026700	-0.145155	0.0114979
0.026750	-0.144818	0.0115886
0.026800	-0.144472	0.0114912
0.026850	-0.14493	0.0115927
0.026900	-0.146793	0.0115421
0.026950	-0.147729	0.0115886
0.027000	-0.148085	0.0114246
0.027050	-0.147177	0.0113511
0.027100	-0.147626	0.0114855
0.027150	-0.147158	0.0114076
0.027200	-0.147327	0.0113692
0.027250	-0.146606	0.0114693
0.027300	-0.145352	0.0115747
0.027350	-0.146522	0.0116798
0.027400	-0.146466	0.0116746
0.027450	-0.147477	0.0117856
0.027500	-0.146803	0.0117932
0.027550	-0.14655	0.0116926
0.027600	-0.147645	0.0115169
0.027650	-0.14713	0.0117038
0.027700	-0.146924	0.0118716
0.027750	-0.146924	0.011745
0.027800	-0.147935	0.0116371
0.027850	-0.144378	0.0117066
0.027900	-0.144987	0.0117397
0.027950	-0.144781	0.0117429
0.028000	-0.144659	0.0117251
0.028050	-0.145895	0.0117216
0.028100	-0.144874	0.0116532
0.028150	-0.144687	0.0117266
0.028200	-0.143985	0.0118637
0.028250	-0.144256	0.0118427
0.028300	-0.143423	0.0119166
0.028350	-0.141841	0.0119119
0.028400	-0.142047	0.0118851
0.028450	-0.144444	0.0119068
0.028500	-0.143255	0.012002
0.028550	-0.143517	0.0119212
0.028600	-0.14405	0.0118907
0.028650	-0.14406	0.0118887
0.028700	-0.14553	0.0118454
0.028750	-0.145024	0.011861
0.028800	-0.14509	0.0118693
0.028850	-0.145923	0.0118493
0.028900	-0.146026	0.0117326
0.028950	-0.145445	0.0117524
0.029000	-0.146728	0.0117674
0.029050	-0.14728	0.0117946
0.029100	-0.146775	0.0117833
0.029150	-0.14714	0.0118464
0.029200	-0.147374	0.0118948
0.029250	-0.148113	0.0118804
0.029300	-0.151221	0.0119432
0.029350	-0.15065	0.0119081
0.029400	-0.150837	0.0119278
0.029450	-0.152064	0.0120645
0.029500	-0.15271	0.0119034
0.029550	-0.154479	0.0118382
0.029600	-0.154816	0.0116866
0.029650	-0.155452	0.0117381
0.029700	-0.153627	0.0117746
0.029750	-0.153384	0.0119112
0.029800	-0.152625	0.0119309
0.029850	-0.153936	0.0119067
0.029900	-0.153093	0.0118251
0.029950	-0.153458	0.0119014
0.030000	-0.152242	0.0120057
0.030050	-0.15124	0.0120443
0.030100	-0.150894	0.0120536
0.030150	-0.151231	0.0121394
0.030200	-0.153327	0.0119581
0.030250	-0.153739	0.0119165
0.030300	-0.153515	0.0119083
0.030350	-0.152925	0.0120195
0.030400	-0.153412	0.0120514
0.030450	-0.153889	0.0120748
0.030500	-0.15343	0.0120788
0.030550	-0.152719	0.0120406
0.030600	-0.152719	0.0121213
0.030650	-0.152176	0.0120859
0.030700	-0.152597	0.012151
0.030750	-0.152869	0.0121339
0.030800	-0.152663	0.0121066
0.030850	-0.152663	0.0120729
0.030900	-0.149939	0.0121368
0.030950	-0.148843	0.0121037
0.031000	-0.150837	0.012078
0.031050	-0.151493	0.0122014
0.031100	-0.152972	0.0122059
0.031150	-0.154132	0.0121259
0.031200	-0.153234	0.0120774
0.031250	-0.152644	0.0122231
0.031300	-0.152279	0.0122612
0.031350	-0.151558	0.0122702
0.031400	-0.151839	0.0122298
0.031450	-0.150435	0.0123258
0.031500	-0.151652	0.0124691
0.031550	-0.15285	0.0124552
0.031600	-0.153318	0.0125694
0.031650	-0.153384	0.0124277
0.031700	-0.151933	0.012389
0.031750	-0.151951	0.012369
0.031800	-0.151736	0.0122465
0.031850	-0.153646	0.0121126
0.031900	-0.154881	0.0122456
0.031950	-0.154432	0.0121859
0.032000	-0.156482	0.0121878
0.032050	-0.158205	0.0122258
0.032100	-0.158242	0.0121953
0.032150	-0.157465	0.0121911
0.032200	-0.158888	0.0123122
0.032250	-0.158972	0.0123067
0.032300	-0.159983	0.012413
0.032350	-0.16105	0.012447
0.032400	-0.161219	0.0124001
0.032450	-0.160049	0.0123659
0.032500	-0.161341	0.012449
0.032550	-0.161341	0.0124378
0.032600	-0.16047	0.012499
0.032650	-0.158748	0.012522
0.032700	-0.158495	0.0126017
0.032750	-0.158205	0.0125317
0.032800	-0.159553	0.0125414
0.032850	-0.158195	0.0125899
0.032900	-0.158832	0.0126112
0.032950	-0.160077	0.0126493
0.033000	-0.159	0.0126947
0.033050	-0.15812	0.0127347
0.033100	-0.158401	0.0127968
0.033150	-0.158551	0.0126605
0.033200	-0.159019	0.0127077
0.033250	-0.159628	0.012726
0.033300	-0.158298	0.0127322
0.033350	-0.157147	0.0127182
0.033400	-0.157671	0.0127558
0.033450	-0.157755	0.0127385
0.033500	-0.158476	0.0128068
0.033550	-0.158691	0.0127496
0.033600	-0.158411	0.0127659
0.033650	-0.157184	0.0128082
0.033700	-0.159581	0.0127314
0.033750	-0.158354	0.0126603
0.033800	-0.158982	0.0125183
0.033850	-0.159693	0.012683
0.033900	-0.157914	0.0128102
0.033950	-0.158317	0.0128276
0.034000	-0.157877	0.0127974
0.034050	-0.157549	0.0127899
0.034100	-0.157521	0.0127418
0.034150	-0.158879	0.0127407
0.034200	-0.159852	0.0126661
0.034250	-0.1615	0.0127356
0.034300	-0.160639	0.01288
0.034350	-0.161547	0.012858
0.034400	-0.161696	0.0128964
0.034450	-0.162155	0.0128974
0.034500	-0.162604	0.0128824
0.034550	-0.163129	0.0128723
0.034600	-0.162427	0.0127879
0.034650	-0.161687	0.0126925
0.034700	-0.163559	0.0126033
0.034750	-0.164505	0.0127227
0.034800	-0.163784	0.0126373
0.034850	-0.164683	0.0127025
0.034900	-0.165403	0.0125877
0.034950	-0.165937	0.0126799
0.035000	-0.165825	0.0126823
0.035050	-0.166574	0.0126468
0.035100	-0.167229	0.0125994
0.035150	-0.167744	0.0125717
0.035200	-0.169363	0.0126131
0.035250	-0.17058	0.0126113
0.035300	-0.169251	0.0126579
0.035350	-0.169007	0.0126813
0.035400	-0.170299	0.0126134
0.035450	-0.168867	0.0125163
0.035500	-0.169391	0.0125674
0.035550	-0.168474	0.0125678
0.035600	-0.168371	0.0125746
0.035650	-0.168315	0.0123534
0.035700	-0.169036	0.0124301
0.035750	-0.169298	0.0124731
0.035800	-0.169635	0.0123348
0.035850	-0.169635	0.0123801
0.035900	-0.16824	0.0122414
0.035950	-0.170402	0.0121442
0.036000	-0.170121	0.0121374
0.036050	-0.16985	0.0121805
0.036100	-0.17132	0.0122478
0.036150	-0.170917	0.0122234
0.036200	-0.170608	0.01223
0.036250	-0.16999	0.0121953
0.036300	-0.169213	0.0122664
0.036350	-0.169794	0.0122227
0.036400	-0.171189	0.0122082
0.036450	-0.172041	0.0122758
0.036500	-0.169485	0.0122699
0.036550	-0.168015	0.0121352
0.036600	-0.168811	0.0121238
0.036650	-0.168886	0.0121885
0.036700	-0.169204	0.0120228
0.036750	-0.170121	0.0119945
0.036800	-0.170945	0.011955
0.036850	-0.171975	0.0119791
0.036900	-0.171245	0.0120398
0.036950	-0.171161	0.01193
0.037000	-0.171947	0.0119302
0.037050	-0.171975	0.0118694
0.037100	-0.171329	0.0118967
0.037150	-0.172434	0.0118459
0.037200	-0.172443	0.0117087
0.037250	-0.172443	0.0118453
0.037300	-0.174053	0.0117721
0.037350	-0.17454	0.0117385
0.037400	-0.174362	0.0117687
0.037450	-0.17512	0.0119563
0.037500	-0.175457	0.0117921
0.037550	-0.176188	0.0117221
0.037600	-0.177142	0.0116661
0.037650	-0.17835	0.0116695
0.037700	-0.178696	0.0115156
0.037750	-0.179417	0.0115828
0.037800	-0.179127	0.011574
0.037850	-0.17996	0.0116307
0.037900	-0.181626	0.0116297
0.037950	-0.182534	0.0116062
0.038000	-0.182235	0.0115203
0.038050	-0.182123	0.0114694
0.038100	-0.18216	0.0113677
0.038150	-0.182525	0.0115254
0.038200	-0.182272	0.0114897
0.038250	-0.182235	0.0113758
0.038300	-0.184248	0.0112751
0.038350	-0.184154	0.0112372
0.038400	-0.183761	0.0112781
0.038450	-0.183854	0.0112341
0.038500	-0.184425	0.0110603
0.038550	-0.184987	0.0110696
0.038600	-0.184491	0.0109605
0.038650	-0.183723	0.0110721
0.038700	-0.183592	0.0111037
0.038750	-0.183789	0.011063
0.038800	-0.184219	0.0111269
0.038850	-0.182694	0.011064
0.038900	-0.183396	0.0110436
0.038950	-0.182347	0.0110293
0.039000	-0.182843	0.0109561
0.039050	-0.18289	0.0109424
0.039100	-0.184547	0.0108384
0.039150	-0.183901	0.010776
0.039200	-0.18377	0.0107172
0.039250	-0.184276	0.0106931
0.039300	-0.184865	0.0107128
0.039350	-0.186017	0.0106427
0.039400	-0.18377	0.0106178
0.039450	-0.184126	0.0107044
0.039500	-0.183424	0.0107192
0.039550	-0.185642	0.0107534
0.039600	-0.183929	0.0106767
0.039650	-0.183976	0.0105642
0.039700	-0.185212	0.0105518
0.039750	-0.18671	0.0104246
0.039800	-0.185904	0.0104382
0.039850	-0.186513	0.0104362
0.039900	-0.186981	0.0103825
0.039950	-0.187271	0.0104915
0.040000	-0.187421	0.0104365
0.040050	-0.187505	0.0104425
0.040100	-0.187458	0.0103772
0.040150	-0.187009	0.0103538
0.040200	-0.189714	0.0103666
0.040250	-0.18948	0.0103901
0.040300	-0.190304	0.0103958
0.040350	-0.189995	0.0103211
0.040400	-0.191746	0.0102104
0.040450	-0.192879	0.0101886
0.040500	-0.191353	0.0100325
0.040550	-0.191952	0.0100279
0.040600	-0.192176	0.0100777
0.040650	-0.193272	0.0100797
0.040700	-0.193553	0.0100498
0.040750	-0.194255	0.00999924
0.040800	-0.194638	0.00997528
0.040850	-0.195472	0.0099959
0.040900	-0.194994	0.00998981
0.040950	-0.194873	0.00997899
0.041000	-0.19374	0.00996685
0.041050	-0.195069	0.0098407
0.041100	-0.194442	0.00984
0.041150	-0.193281	0.00971227
0.041200	-0.194826	0.00969816
0.041250	-0.195734	0.00962462
0.041300	-0.195837	0.00970271
0.041350	-0.195781	0.0097477
0.041400	-0.194638	0.00976884
0.041450	-0.19505	0.00970633
0.041500	-0.194882	0.00968636
0.041550	-0.195088	0.00965109
0.041600	-0.195387	0.00965007
0.041650	-0.196202	0.0096978
0.041700	-0.196455	0.0096449
0.041750	-0.196192	0.00956361
0.041800	-0.196108	0.00942153
0.041850	-0.195303	0.00943294
0.041900	-0.195116	0.00934485
0.041950	-0.195191	0.00940852
0.042000	-0.195968	0.00926038
0.042050	-0.19608	0.00936676
0.042100	-0.195584	0.00921339
0.042150	-0.194442	0.00916744
0.042200	-0.19521	0.00929799
0.042250	-0.195846	0.00927721
0.042300	-0.195022	0.00926088
0.042350	-0.195565	0.00922994
0.042400	-0.194929	0.00918682
0.042450	-0.197185	0.00906364
0.042500	-0.197737	0.00907453
0.042550	-0.197803	0.00907932
0.042600	-0.197849	0.00906081
0.042650	-0.200115	0.00911675
0.042700	-0.198711	0.00909567
0.042750	-0.197044	0.00905644
0.042800	-0.197653	0.00889429
0.042850	-0.198561	0.00888243
0.042900	-0.19872	0.00885642
0.042950	-0.199928	0.00881273
0.043000	-0.201135	0.00882642
0.043050	-0.198888	0.0088234
0.043100	-0.199385	0.00872498
0.043150	-0.201856	0.00868799
0.043200	-0.200574	0.00870376
0.043250	-0.20136	0.0088918
0.043300	-0.201781	0.00893542
0.043350	-0.20268	0.00875569
0.043400	-0.201276	0.00880281
0.043450	-0.202493	0.00881956
0.043500	-0.204374	0.00866897
0.043550	-0.204805	0.00866435
0.043600	-0.20575	0.0087971
0.043650	-0.206443	0.00876213
0.043700	-0.205975	0.00869074
0.043750	-0.204327	0.00854069
0.043800	-0.204037	0.00859245
0.043850	-0.20371	0.00857872
0.043900	-0.204468	0.00857716
0.043950	-0.205526	0.00873621
0.044000	-0.206181	0.00867788
0.044050	-0.205788	0.00872398
0.044100	-0.204692	0.00874465
0.044150	-0.205479	0.00870295
0.044200	-0.205142	0.00862874
0.044250	-0.205685	0.00856188
0.044300	-0.204608	0.0083661
0.044350	-0.203588	0.00848764
0.044400	-0.204533	0.00847562
0.044450	-0.204281	0.00845185
0.044500	-0.204309	0.00839004
0.044550	-0.205076	0.00829096
0.044600	-0.204281	0.00812685
0.044650	-0.204047	0.00825545
0.044700	-0.203457	0.00830793
0.044750	-0.20341	0.00830378
0.044800	-0.204252	0.00819155
0.044850	-0.204018	0.00804596
0.044900	-0.20385	0.00799721
0.044950	-0.202399	0.00805127
