"Time"	"1 highgain"	"SEM"
-0.005000	-0.175797	0.0137377
-0.004950	-0.175442	0.0137992
-0.004900	-0.173767	0.0139839
-0.004850	-0.17496	0.0140459
-0.004800	-0.175361	0.013957
-0.004750	-0.175499	0.013784
-0.004700	-0.174352	0.0136893
-0.004650	-0.176922	0.013715
-0.004600	-0.176245	0.013713
-0.004550	-0.176933	0.0137093
-0.004500	-0.177071	0.0137407
-0.004450	-0.176566	0.0138006
-0.004400	-0.175683	0.0137236
-0.004350	-0.176922	0.0137113
-0.004300	-0.178597	0.0137928
-0.004250	-0.177415	0.0138426
-0.004200	-0.178195	0.0137988
-0.004150	-0.17823	0.01374
-0.004100	-0.178895	0.0136045
-0.004050	-0.17769	0.013664
-0.004000	-0.176727	0.0138618
-0.003950	-0.176279	0.0139552
-0.003900	-0.177208	0.0139149
-0.003850	-0.178918	0.0138379
-0.003800	-0.178723	0.0138964
-0.003750	-0.179606	0.0138407
-0.003700	-0.178998	0.0135857
-0.003650	-0.177518	0.0136783
-0.003600	-0.179308	0.0137418
-0.003550	-0.178734	0.0139847
-0.003500	-0.177702	0.0140276
-0.003450	-0.17574	0.0140852
-0.003400	-0.175591	0.0139861
-0.003350	-0.175189	0.0139301
-0.003300	-0.176635	0.0138842
-0.003250	-0.176612	0.0137658
-0.003200	-0.177518	0.0138047
-0.003150	-0.176681	0.0137376
-0.003100	-0.176096	0.0137838
-0.003050	-0.178241	0.013723
-0.003000	-0.178654	0.01382
-0.002950	-0.179411	0.0138406
-0.002900	-0.177782	0.0138131
-0.002850	-0.176509	0.0139073
-0.002800	-0.175602	0.0138941
-0.002750	-0.175212	0.0138333
-0.002700	-0.174593	0.0137602
-0.002650	-0.176187	0.0138483
-0.002600	-0.174042	0.0137897
-0.002550	-0.173526	0.0136908
-0.002500	-0.174214	0.0137553
-0.002450	-0.174478	0.0137716
-0.002400	-0.17426	0.0136263
-0.002350	-0.17364	0.0135331
-0.002300	-0.172126	0.0135544
-0.002250	-0.171988	0.0135261
-0.002200	-0.17161	0.013824
-0.002150	-0.171977	0.0137785
-0.002100	-0.172252	0.0136931
-0.002050	-0.173675	0.0136768
-0.002000	-0.17387	0.0135618
-0.001950	-0.172103	0.013405
-0.001900	-0.170749	0.0133832
-0.001850	-0.169384	0.0134185
-0.001800	-0.170692	0.0134017
-0.001750	-0.170944	0.0133578
-0.001700	-0.172218	0.0133057
-0.001650	-0.172688	0.0135266
-0.001600	-0.171506	0.0136386
-0.001550	-0.172551	0.0134933
-0.001500	-0.172275	0.0133317
-0.001450	-0.172665	0.0133345
-0.001400	-0.173813	0.0134383
-0.001350	-0.175086	0.0135661
-0.001300	-0.174616	0.0134808
-0.001250	-0.174857	0.0132658
-0.001200	-0.174226	0.0132343
-0.001150	-0.174111	0.0133653
-0.001100	-0.174822	0.0134752
-0.001050	-0.175212	0.0135086
-0.001000	-0.175017	0.0134171
-0.000950	-0.174375	0.0134875
-0.000900	-0.173182	0.0132515
-0.000850	-0.174306	0.0133213
-0.000800	-0.174317	0.0133393
-0.000750	-0.175866	0.0132903
-0.000700	-0.175178	0.0134072
-0.000650	-0.174203	0.0134182
-0.000600	-0.172906	0.0133554
-0.000550	-0.172137	0.0132356
-0.000500	-0.171942	0.0133034
-0.000450	-0.173606	0.0133692
-0.000400	-0.174421	0.0133882
-0.000350	-0.173881	0.0132888
-0.000300	-0.174421	0.0131528
-0.000250	-0.173113	0.0131232
-0.000200	-0.17169	0.0129521
-0.000150	-0.170302	0.0130622
-0.000100	-0.172528	0.01313
-0.000050	-0.173308	0.0130935
0.000000	-0.17317	0.0131225
0.000050	-0.171093	0.013124
0.000100	-0.170267	0.0130089
0.000150	-0.171518	0.0129935
0.000200	-0.173262	0.0130781
0.000250	-0.172619	0.0132051
0.000300	-0.172837	0.0130669
0.000350	-0.172344	0.0129178
0.000400	-0.172539	0.0128965
0.000450	-0.171231	0.012879
0.000500	-0.16935	0.0129747
0.000550	-0.170428	0.0130349
0.000600	-0.171048	0.01291
0.000650	-0.171747	0.0128513
0.000700	-0.170554	0.0128587
0.000750	-0.171438	0.0128008
0.000800	-0.168661	0.0127799
0.000850	-0.170933	0.0127488
0.000900	-0.173124	0.012735
0.000950	-0.173973	0.0128573
0.001000	-0.17348	0.0130139
0.001050	-0.17543	0.0128838
0.001100	-0.176382	0.0128551
0.001150	-0.176359	0.0128249
0.001200	-0.175832	0.0127587
0.001250	-0.177036	0.012705
0.001300	-0.17769	0.0128476
0.001350	-0.176176	0.0129343
0.001400	-0.176463	0.0130341
0.001450	-0.178057	0.0129943
0.001500	-0.179583	0.0128539
0.001550	-0.179985	0.0128284
0.001600	-0.18026	0.0129366
0.001650	-0.179239	0.0130196
0.001700	-0.178757	0.0128989
0.001750	-0.179664	0.0129132
0.001800	-0.18205	0.012674
0.001850	-0.180822	0.0127475
0.001900	-0.180685	0.0128094
0.001950	-0.178952	0.0127781
0.002000	-0.178138	0.0128391
0.002050	-0.179744	0.0127125
0.002100	-0.178792	0.0126263
0.002150	-0.177094	0.0127565
0.002200	-0.177231	0.0128125
0.002250	-0.176658	0.0127077
0.002300	-0.176474	0.0128043
0.002350	-0.178264	0.0126801
0.002400	-0.178459	0.0127446
0.002450	-0.178551	0.0129413
0.002500	-0.175728	0.0129479
0.002550	-0.175981	0.0128644
0.002600	-0.1766	0.0129778
0.002650	-0.177151	0.0128965
0.002700	-0.17566	0.0128457
0.002750	-0.17457	0.0129246
0.002800	-0.175453	0.0128846
0.002850	-0.176761	0.0130421
0.002900	-0.175281	0.012945
0.002950	-0.175843	0.0127806
0.003000	-0.175017	0.01299
0.003050	-0.175499	0.0129512
0.003100	-0.175637	0.0129752
0.003150	-0.174879	0.0131034
0.003200	-0.172895	0.0130209
0.003250	-0.17364	0.0129075
0.003300	-0.171323	0.0130328
0.003350	-0.170795	0.0130586
0.003400	-0.17099	0.0130283
0.003450	-0.171828	0.0129476
0.003500	-0.170726	0.013088
0.003550	-0.171334	0.0131013
0.003600	-0.170577	0.0129839
0.003650	-0.170279	0.0129843
0.003700	-0.170921	0.0130165
0.003750	-0.171506	0.013188
0.003800	-0.172229	0.0131571
0.003850	-0.173606	0.013166
0.003900	-0.175717	0.0132364
0.003950	-0.17769	0.0133677
0.004000	-0.178413	0.0132265
0.004050	-0.177002	0.0131498
0.004100	-0.174329	0.01326
0.004150	-0.173354	0.0132565
0.004200	-0.174593	0.0134383
0.004250	-0.174157	0.0132663
0.004300	-0.17535	0.0132992
0.004350	-0.175499	0.0132396
0.004400	-0.177839	0.0132215
0.004450	-0.177599	0.0134644
0.004500	-0.175774	0.0133498
0.004550	-0.175488	0.0134404
0.004600	-0.174008	0.0134637
0.004650	-0.175671	0.013476
0.004700	-0.174386	0.0135088
0.004750	-0.175396	0.0135171
0.004800	-0.175878	0.0134789
0.004850	-0.17714	0.0134005
0.004900	-0.176268	0.0133769
0.004950	-0.176669	0.0134271
0.005000	-0.176187	0.0132775
0.005050	-0.174604	0.0132374
0.005100	-0.173434	0.013372
0.005150	-0.174134	0.0132902
0.005200	-0.174248	0.013366
0.005250	-0.173617	0.0133799
0.005300	-0.172814	0.0134808
0.005350	-0.604099	0.0439856
0.005400	-1.58839	0.0138746
0.005450	-1.63942	0.0134086
0.005500	-1.76051	0.013731
0.005550	-1.65729	0.0287389
0.005600	-0.625714	0.0191062
0.005650	-0.568969	0.0133923
0.005700	-0.505204	0.0136803
0.005750	-0.418756	0.0134792
0.005800	-0.358421	0.0134613
0.005850	-0.32344	0.0134491
0.005900	-0.298946	0.0132923
0.005950	-0.283986	0.0132169
0.006000	-0.273362	0.0132956
0.006050	-0.264482	0.0131903
0.006100	-0.255005	0.0132765
0.006150	-0.250646	0.0132917
0.006200	-0.24593	0.0132617
0.006250	-0.243016	0.0132102
0.006300	-0.238416	0.0131999
0.006350	-0.235169	0.0131764
0.006400	-0.231957	0.0131913
0.006450	-0.22941	0.0131634
0.006500	-0.226828	0.0131285
0.006550	-0.225153	0.0131728
0.006600	-0.221252	0.0131417
0.006650	-0.217661	0.0132053
0.006700	-0.214139	0.0132869
0.006750	-0.209963	0.0132819
0.006800	-0.207026	0.0131349
0.006850	-0.203596	0.0131552
0.006900	-0.201703	0.0131777
0.006950	-0.198984	0.0130025
0.007000	-0.198387	0.0129927
0.007050	-0.201072	0.0130793
0.007100	-0.205064	0.0133082
0.007150	-0.207084	0.0134821
0.007200	-0.207852	0.013388
0.007250	-0.208736	0.0131583
0.007300	-0.209057	0.0130554
0.007350	-0.20924	0.0131533
0.007400	-0.207084	0.013207
0.007450	-0.203504	0.0132157
0.007500	-0.199305	0.0131249
0.007550	-0.203779	0.0132662
0.007600	-0.214621	0.0131486
0.007650	-0.217478	0.0130167
0.007700	-0.215367	0.0130193
0.007750	-0.211065	0.0129478
0.007800	-0.208173	0.0130427
0.007850	-0.206602	0.0131321
0.007900	-0.207715	0.0130471
0.007950	-0.214816	0.0129236
0.008000	-0.221298	0.0129482
0.008050	-0.22684	0.0129029
0.008100	-0.232438	0.0129754
0.008150	-0.238049	0.0130463
0.008200	-0.243464	0.0130744
0.008250	-0.252114	0.0131042
0.008300	-0.265491	0.0130195
0.008350	-0.286062	0.0129518
0.008400	-0.323922	0.012875
0.008450	-0.371052	0.0128455
0.008500	-0.406285	0.0128833
0.008550	-0.419227	0.0128872
0.008600	-0.417861	0.0130476
0.008650	-0.410404	0.0132367
0.008700	-0.426546	0.0132302
0.008750	-0.461951	0.0132041
0.008800	-0.491058	0.0132125
0.008850	-0.514267	0.0132679
0.008900	-0.528321	0.0131981
0.008950	-0.541676	0.0132881
0.009000	-0.5643	0.0134614
0.009050	-0.593555	0.0135131
0.009100	-0.639297	0.0134608
0.009150	-0.706482	0.0135538
0.009200	-0.770294	0.0134638
0.009250	-0.795843	0.0135375
0.009300	-0.773976	0.0135708
0.009350	-0.742048	0.0135578
0.009400	-0.731206	0.0138263
0.009450	-0.74713	0.0135915
0.009500	-0.774871	0.0132663
0.009550	-0.793159	0.0131341
0.009600	-0.794731	0.0130353
0.009650	-0.78117	0.0130949
0.009700	-0.75788	0.0130601
0.009750	-0.733925	0.0129163
0.009800	-0.711473	0.0126717
0.009850	-0.694596	0.0126194
0.009900	-0.681575	0.0125813
0.009950	-0.67741	0.012725
0.010000	-0.685544	0.0126741
0.010050	-0.689835	0.0126769
0.010100	-0.688321	0.0129613
0.010150	-0.678924	0.0131542
0.010200	-0.667773	0.0132178
0.010250	-0.64968	0.0133183
0.010300	-0.624578	0.0132287
0.010350	-0.601001	0.0131652
0.010400	-0.591628	0.0132102
0.010450	-0.591031	0.0133538
0.010500	-0.588875	0.0132755
0.010550	-0.581589	0.0131557
0.010600	-0.570874	0.0130003
0.010650	-0.56056	0.0126879
0.010700	-0.552334	0.0128252
0.010750	-0.549167	0.0128517
0.010800	-0.53937	0.0129607
0.010850	-0.528562	0.0133707
0.010900	-0.517858	0.0135546
0.010950	-0.508829	0.0138267
0.011000	-0.500133	0.0139927
0.011050	-0.494018	0.0140835
0.011100	-0.484243	0.0138841
0.011150	-0.469236	0.0138646
0.011200	-0.451098	0.0137833
0.011250	-0.433476	0.0136932
0.011300	-0.415934	0.0136065
0.011350	-0.398644	0.0133626
0.011400	-0.387986	0.0134856
0.011450	-0.381401	0.0139624
0.011500	-0.376468	0.0140858
0.011550	-0.376078	0.0140502
0.011600	-0.374689	0.0139774
0.011650	-0.37594	0.0140893
0.011700	-0.369435	0.014339
0.011750	-0.360245	0.0144326
0.011800	-0.350631	0.0144091
0.011850	-0.34221	0.0143319
0.011900	-0.334328	0.0145542
0.011950	-0.331104	0.0146399
0.012000	-0.328649	0.0143532
0.012050	-0.327318	0.014186
0.012100	-0.324278	0.0143386
0.012150	-0.315627	0.0145998
0.012200	-0.302939	0.0145408
0.012250	-0.289997	0.0143725
0.012300	-0.279282	0.0142543
0.012350	-0.267144	0.014242
0.012400	-0.25559	0.0142158
0.012450	-0.244221	0.0143167
0.012500	-0.236557	0.0140234
0.012550	-0.230098	0.0139582
0.012600	-0.22162	0.013898
0.012650	-0.209103	0.0137785
0.012700	-0.198135	0.0137099
0.012750	-0.187006	0.0134903
0.012800	-0.178402	0.0136097
0.012850	-0.170038	0.0139134
0.012900	-0.162638	0.0138144
0.012950	-0.155651	0.0138068
0.013000	-0.147379	0.0137836
0.013050	-0.143169	0.0135867
0.013100	-0.142641	0.0136989
0.013150	-0.139509	0.0137014
0.013200	-0.137157	0.0136923
0.013250	-0.134541	0.0139132
0.013300	-0.131444	0.0138164
0.013350	-0.126109	0.0136611
0.013400	-0.125179	0.0136974
0.013450	-0.127715	0.0134898
0.013500	-0.12729	0.0133542
0.013550	-0.122816	0.01333
0.013600	-0.117837	0.0132726
0.013650	-0.11124	0.0132053
0.013700	-0.106399	0.0131611
0.013750	-0.10205	0.0129786
0.013800	-0.0967843	0.0128781
0.013850	-0.0936981	0.0130189
0.013900	-0.092895	0.0128559
0.013950	-0.0909791	0.0128922
0.014000	-0.0883518	0.0130098
0.014050	-0.0873652	0.0129784
0.014100	-0.0857819	0.0131094
0.014150	-0.0824892	0.0130899
0.014200	-0.0814567	0.013132
0.014250	-0.0810781	0.0131288
0.014300	-0.0778542	0.0132121
0.014350	-0.076271	0.0131749
0.014400	-0.0746304	0.0130383
0.014450	-0.0748254	0.0129199
0.014500	-0.075858	0.0127992
0.014550	-0.0769249	0.0127801
0.014600	-0.0768676	0.0126343
0.014650	-0.0767299	0.0126101
0.014700	-0.0775445	0.012721
0.014750	-0.0766611	0.0126532
0.014800	-0.075009	0.0126359
0.014850	-0.0748025	0.0124676
0.014900	-0.0725768	0.0125487
0.014950	-0.0709476	0.0126608
0.015000	-0.0684925	0.0126551
0.015050	-0.0676779	0.0124615
0.015100	-0.0683204	0.012405
0.015150	-0.0668977	0.0122511
0.015200	-0.0652457	0.0122704
0.015250	-0.068481	0.012227
0.015300	-0.0689628	0.0122962
0.015350	-0.06637	0.0123154
0.015400	-0.0663471	0.0121573
0.015450	-0.0671157	0.0121296
0.015500	-0.067414	0.0121618
0.015550	-0.0672419	0.0122202
0.015600	-0.0652227	0.0122827
0.015650	-0.0641672	0.012299
0.015700	-0.0631806	0.0124199
0.015750	-0.0626528	0.012557
0.015800	-0.0613105	0.0125101
0.015850	-0.0623086	0.012519
0.015900	-0.0628249	0.012609
0.015950	-0.0636395	0.0125339
0.016000	-0.0624004	0.0123613
0.016050	-0.0628364	0.0124056
0.016100	-0.0651654	0.0124242
0.016150	-0.0664733	0.0125694
0.016200	-0.0657275	0.0125407
0.016250	-0.0675976	0.0124175
0.016300	-0.0652457	0.0125181
0.016350	-0.0656816	0.0124554
0.016400	-0.065326	0.0124322
0.016450	-0.0651195	0.0124241
0.016500	-0.0654751	0.0125027
0.016550	-0.065739	0.0124819
0.016600	-0.0655669	0.0126609
0.016650	-0.0672075	0.0127256
0.016700	-0.068676	0.0125776
0.016750	-0.06972	0.0122932
0.016800	-0.0681827	0.0123252
0.016850	-0.0685039	0.0123414
0.016900	-0.0675402	0.012426
0.016950	-0.0673108	0.0122437
0.017000	-0.0683548	0.0122348
0.017050	-0.0691808	0.0124685
0.017100	-0.0685384	0.0123836
0.017150	-0.0689514	0.0123832
0.017200	-0.0702134	0.0124577
0.017250	-0.0715672	0.0123547
0.017300	-0.0713377	0.0123164
0.017350	-0.0713377	0.0123121
0.017400	-0.0744239	0.0123252
0.017450	-0.0715786	0.0123348
0.017500	-0.0731619	0.0123168
0.017550	-0.0753991	0.0122826
0.017600	-0.0763628	0.0125359
0.017650	-0.0780034	0.0124556
0.017700	-0.0807798	0.0124396
0.017750	-0.0827531	0.0122285
0.017800	-0.084279	0.0122995
0.017850	-0.0848985	0.0123527
0.017900	-0.0841413	0.0125698
0.017950	-0.0847264	0.0126073
0.018000	-0.0868145	0.0124863
0.018050	-0.0879159	0.0124287
0.018100	-0.0880421	0.0124273
0.018150	-0.0889714	0.0124386
0.018200	-0.0901875	0.0126099
0.018250	-0.0903251	0.012547
0.018300	-0.0906234	0.01254
0.018350	-0.0905087	0.0126413
0.018400	-0.0896483	0.0126877
0.018450	-0.0890746	0.0126856
0.018500	-0.088719	0.0126785
0.018550	-0.090589	0.0125393
0.018600	-0.0909906	0.0127779
0.018650	-0.0938243	0.0125593
0.018700	-0.0934228	0.0126368
0.018750	-0.0941341	0.0126254
0.018800	-0.0953502	0.0126254
0.018850	-0.0966008	0.0124604
0.018900	-0.0965778	0.0124828
0.018950	-0.0952929	0.0125527
0.019000	-0.0940882	0.0124897
0.019050	-0.0950978	0.0123961
0.019100	-0.0954191	0.0124104
0.019150	-0.0966466	0.0123697
0.019200	-0.095442	0.0123824
0.019250	-0.0973121	0.0123486
0.019300	-0.0987117	0.0124536
0.019350	-0.0990903	0.0123845
0.019400	-0.098597	0.0122115
0.019450	-0.0980578	0.0122719
0.019500	-0.0982299	0.0123322
0.019550	-0.0976677	0.0121508
0.019600	-0.0980234	0.0122454
0.019650	-0.097771	0.01216
0.019700	-0.0966466	0.0121611
0.019750	-0.0972891	0.0120982
0.019800	-0.0968646	0.0118358
0.019850	-0.0964287	0.0118961
0.019900	-0.0963942	0.0120724
0.019950	-0.0952699	0.0122141
0.020000	-0.0964172	0.0121688
0.020050	-0.0979201	0.0121632
0.020100	-0.0980234	0.0119782
0.020150	-0.0975874	0.0120244
0.020200	-0.0975989	0.0121252
0.020250	-0.0997902	0.0121901
0.020300	-0.100697	0.0120533
0.020350	-0.0999508	0.0119064
0.020400	-0.101282	0.0120571
0.020450	-0.101098	0.0120607
0.020500	-0.100215	0.0121374
0.020550	-0.102658	0.0119774
0.020600	-0.10306	0.0120586
0.020650	-0.101603	0.0118992
0.020700	-0.103175	0.0118376
0.020750	-0.102704	0.0119551
0.020800	-0.104976	0.0120168
0.020850	-0.104758	0.0119761
0.020900	-0.106594	0.0119332
0.020950	-0.106238	0.0120509
0.021000	-0.106616	0.0119628
0.021050	-0.107638	0.012029
0.021100	-0.106616	0.0119115
0.021150	-0.107695	0.0118978
0.021200	-0.106146	0.0117903
0.021250	-0.104368	0.01185
0.021300	-0.103599	0.0117349
0.021350	-0.103565	0.0117899
0.021400	-0.104207	0.0120107
0.021450	-0.103278	0.0122009
0.021500	-0.103347	0.0124463
0.021550	-0.104115	0.0124701
0.021600	-0.106284	0.0122815
0.021650	-0.108016	0.0121848
0.021700	-0.106444	0.0120371
0.021750	-0.104746	0.0120875
0.021800	-0.102957	0.0121654
0.021850	-0.102509	0.012264
0.021900	-0.100398	0.012381
0.021950	-0.10283	0.0123091
0.022000	-0.101775	0.0123227
0.022050	-0.101637	0.0121328
0.022100	-0.0994231	0.012185
0.022150	-0.099251	0.0121935
0.022200	-0.100398	0.012155
0.022250	-0.100203	0.0122964
0.022300	-0.099859	0.0122981
0.022350	-0.100238	0.0122396
0.022400	-0.0991018	0.0122097
0.022450	-0.0974268	0.0122035
0.022500	-0.0956715	0.012254
0.022550	-0.0962336	0.012401
0.022600	-0.0967843	0.0124535
0.022650	-0.0984135	0.0124386
0.022700	-0.0971514	0.0124242
0.022750	-0.0966237	0.0125654
0.022800	-0.0945357	0.0125924
0.022850	-0.0941571	0.0126168
0.022900	-0.0950749	0.0125654
0.022950	-0.093354	0.0126361
0.023000	-0.0920461	0.0126456
0.023050	-0.0927918	0.012679
0.023100	-0.0923902	0.0125847
0.023150	-0.094375	0.0125839
0.023200	-0.0958665	0.0127069
0.023250	-0.0949487	0.0126481
0.023300	-0.0956141	0.0127235
0.023350	-0.0954191	0.0126576
0.023400	-0.0953732	0.0127795
0.023450	-0.0956944	0.0127452
0.023500	-0.0968302	0.012817
0.023550	-0.0963713	0.0126759
0.023600	-0.0952584	0.0125142
0.023650	-0.096096	0.0126463
0.023700	-0.0966466	0.0126743
0.023750	-0.0970941	0.0127588
0.023800	-0.0974727	0.0127878
0.023850	-0.0958091	0.0127578
0.023900	-0.0922985	0.0129652
0.023950	-0.0918281	0.0128898
0.024000	-0.0916675	0.013088
0.024050	-0.0913806	0.0129531
0.024100	-0.0930327	0.0129457
0.024150	-0.0921378	0.013042
0.024200	-0.0921608	0.0129436
0.024250	-0.0923673	0.0130157
0.024300	-0.0927	0.0129422
0.024350	-0.0913692	0.0131341
0.024400	-0.0918625	0.0131979
0.024450	-0.0907726	0.0132224
0.024500	-0.0913692	0.0130173
0.024550	-0.0899924	0.0131528
0.024600	-0.0894991	0.0130797
0.024650	-0.0891205	0.0130771
0.024700	-0.0891205	0.0130746
0.024750	-0.0884436	0.0130611
0.024800	-0.0869866	0.0130802
0.024850	-0.0862179	0.0130925
0.024900	-0.0871472	0.0133355
0.024950	-0.0870898	0.0133819
0.025000	-0.0865965	0.0133262
0.025050	-0.0883977	0.0133441
0.025100	-0.0867571	0.0131908
0.025150	-0.0860687	0.0133058
0.025200	-0.0871472	0.0132295
0.025250	-0.0869636	0.0132039
0.025300	-0.0863441	0.0132199
0.025350	-0.0867227	0.0131125
0.025400	-0.0875717	0.0132953
0.025450	-0.0857819	0.0132884
0.025500	-0.0850821	0.0131786
0.025550	-0.0865391	0.013085
0.025600	-0.0881912	0.0131128
0.025650	-0.0871587	0.0131063
0.025700	-0.0855984	0.013226
0.025750	-0.0846232	0.0131333
0.025800	-0.0856787	0.0129644
0.025850	-0.0854033	0.0129777
0.025900	-0.0863441	0.0129485
0.025950	-0.0882027	0.0129686
0.026000	-0.0887534	0.0128738
0.026050	-0.0903022	0.013082
0.026100	-0.0908873	0.013017
0.026150	-0.0922411	0.0130895
0.026200	-0.0914954	0.0130877
0.026250	-0.0919887	0.0130357
0.026300	-0.0913577	0.0128886
0.026350	-0.0918969	0.0129597
0.026400	-0.0922985	0.0129547
0.026450	-0.0936867	0.0128853
0.026500	-0.0926771	0.0127154
0.026550	-0.0922985	0.0126152
0.026600	-0.0942833	0.012586
0.026650	-0.0953043	0.0126927
0.026700	-0.0960042	0.0126355
0.026750	-0.0959009	0.0126034
0.026800	-0.0959927	0.0125957
0.026850	-0.0968646	0.0126556
0.026900	-0.0952011	0.0126476
0.026950	-0.094398	0.012626
0.027000	-0.096073	0.0126467
0.027050	-0.0955223	0.0126842
0.027100	-0.09566	0.0126917
0.027150	-0.0959353	0.0125879
0.027200	-0.0945586	0.0125869
0.027250	-0.0953846	0.0126047
0.027300	-0.0944783	0.0124998
0.027350	-0.0959124	0.01265
0.027400	-0.0953387	0.0127737
0.027450	-0.0954535	0.0127849
0.027500	-0.0960042	0.0126752
0.027550	-0.0961074	0.0126123
0.027600	-0.0957977	0.012428
0.027650	-0.0939735	0.012511
0.027700	-0.093549	0.0126754
0.027750	-0.0935949	0.0126304
0.027800	-0.0937096	0.0125316
0.027850	-0.0942947	0.012639
0.027900	-0.0958894	0.0126238
0.027950	-0.0945471	0.0125263
0.028000	-0.0944553	0.0123834
0.028050	-0.0930442	0.0125076
0.028100	-0.0932622	0.0125705
0.028150	-0.0937326	0.0127101
0.028200	-0.0920461	0.0127419
0.028250	-0.0924017	0.0127409
0.028300	-0.0932622	0.0127176
0.028350	-0.0934113	0.0126342
0.028400	-0.0946504	0.0126636
0.028450	-0.0944209	0.0126428
0.028500	-0.0934113	0.0128763
0.028550	-0.0938243	0.0127718
0.028600	-0.0928721	0.012732
0.028650	-0.0932737	0.0127008
0.028700	-0.0949028	0.012533
0.028750	-0.0974612	0.0124354
0.028800	-0.0957174	0.0123411
0.028850	-0.0955223	0.0124172
0.028900	-0.0981725	0.01238
0.028950	-0.0987806	0.0124122
0.029000	-0.100043	0.0125829
0.029050	-0.100915	0.0125429
0.029100	-0.103106	0.0124883
0.029150	-0.101293	0.0125438
0.029200	-0.100031	0.0125085
0.029250	-0.101718	0.0124125
0.029300	-0.101041	0.0124808
0.029350	-0.100272	0.0124831
0.029400	-0.102349	0.012491
0.029450	-0.102096	0.0124299
0.029500	-0.103393	0.012256
0.029550	-0.103897	0.0124326
0.029600	-0.104574	0.0124521
0.029650	-0.105894	0.0124055
0.029700	-0.104723	0.0125221
0.029750	-0.103691	0.0123561
0.029800	-0.104574	0.0124111
0.029850	-0.103966	0.0123117
0.029900	-0.102647	0.0122599
0.029950	-0.102073	0.0124184
0.030000	-0.103324	0.0125266
0.030050	-0.104655	0.0124049
0.030100	-0.105492	0.0121637
0.030150	-0.106846	0.0122561
0.030200	-0.106743	0.0123521
0.030250	-0.105458	0.0122931
0.030300	-0.104746	0.0124034
0.030350	-0.102934	0.0122929
0.030400	-0.103771	0.0123246
0.030450	-0.104024	0.012285
0.030500	-0.104471	0.0122476
0.030550	-0.103186	0.0122732
0.030600	-0.104999	0.0124228
0.030650	-0.106387	0.0124645
0.030700	-0.104483	0.012397
0.030750	-0.104689	0.0123982
0.030800	-0.104574	0.0123845
0.030850	-0.104609	0.0124887
0.030900	-0.104379	0.0125276
0.030950	-0.105114	0.0125845
0.031000	-0.105412	0.0126281
0.031050	-0.104368	0.0126509
0.031100	-0.104919	0.0126227
0.031150	-0.105435	0.0126059
0.031200	-0.105251	0.0125596
0.031250	-0.10688	0.0125339
0.031300	-0.10579	0.0125636
0.031350	-0.105871	0.0126437
0.031400	-0.106548	0.0127041
0.031450	-0.107913	0.0126317
0.031500	-0.110334	0.0126484
0.031550	-0.111114	0.0125979
0.031600	-0.112307	0.0125931
0.031650	-0.113558	0.0125223
0.031700	-0.113179	0.0126526
0.031750	-0.113569	0.0127162
0.031800	-0.112812	0.0126199
0.031850	-0.114464	0.0125651
0.031900	-0.115531	0.0127397
0.031950	-0.114521	0.0126367
0.032000	-0.113821	0.0126113
0.032050	-0.115278	0.0123882
0.032100	-0.117768	0.0123426
0.032150	-0.116575	0.0123934
0.032200	-0.117688	0.012466
0.032250	-0.117286	0.0127972
0.032300	-0.118663	0.0129613
0.032350	-0.118663	0.0127645
0.032400	-0.118342	0.0126546
0.032450	-0.119776	0.0126036
0.032500	-0.119259	0.0125797
0.032550	-0.118846	0.0125862
0.032600	-0.118766	0.0126245
0.032650	-0.120349	0.0126398
0.032700	-0.119845	0.0127391
0.032750	-0.120969	0.0126554
0.032800	-0.121554	0.0125904
0.032850	-0.120304	0.0124608
0.032900	-0.119386	0.012498
0.032950	-0.121325	0.0125426
0.033000	-0.122208	0.0126529
0.033050	-0.121611	0.0126733
0.033100	-0.122059	0.0128025
0.033150	-0.12082	0.0129037
0.033200	-0.121703	0.0127587
0.033250	-0.122426	0.0126556
0.033300	-0.122678	0.0125844
0.033350	-0.123424	0.0124184
0.033400	-0.121279	0.0126075
0.033450	-0.119558	0.012849
0.033500	-0.119064	0.012778
0.033550	-0.120648	0.012657
0.033600	-0.121302	0.0126248
0.033650	-0.123906	0.0126621
0.033700	-0.125581	0.0126829
0.033750	-0.126912	0.0125102
0.033800	-0.123917	0.0124512
0.033850	-0.124939	0.0123534
0.033900	-0.125122	0.0123518
0.033950	-0.123699	0.012338
0.034000	-0.125638	0.012403
0.034050	-0.123619	0.0124809
0.034100	-0.124181	0.0126094
0.034150	-0.126338	0.0124958
0.034200	-0.126568	0.0124884
0.034250	-0.128116	0.0123732
0.034300	-0.128862	0.0125045
0.034350	-0.130239	0.0125669
0.034400	-0.13196	0.0126101
0.034450	-0.130927	0.0126137
0.034500	-0.131088	0.0124795
0.034550	-0.132522	0.0123292
0.034600	-0.13383	0.012321
0.034650	-0.135253	0.0123476
0.034700	-0.135264	0.0123822
0.034750	-0.136687	0.0123796
0.034800	-0.136744	0.0124097
0.034850	-0.135551	0.0123935
0.034900	-0.138981	0.0122768
0.034950	-0.139153	0.0124349
0.035000	-0.137685	0.0123896
0.035050	-0.140346	0.0124449
0.035100	-0.137731	0.012357
0.035150	-0.138316	0.0122206
0.035200	-0.139004	0.012371
0.035250	-0.139211	0.0123664
0.035300	-0.140312	0.0121577
0.035350	-0.139612	0.0120931
0.035400	-0.138855	0.0121312
0.035450	-0.141184	0.0121769
0.035500	-0.140564	0.0121253
0.035550	-0.141563	0.0120547
0.035600	-0.140369	0.0120661
0.035650	-0.139692	0.012069
0.035700	-0.138591	0.0121009
0.035750	-0.139543	0.0119922
0.035800	-0.140312	0.011871
0.035850	-0.141264	0.0118889
0.035900	-0.14248	0.0116816
0.035950	-0.143238	0.0117458
0.036000	-0.143685	0.0118517
0.036050	-0.142687	0.0118079
0.036100	-0.143628	0.0117069
0.036150	-0.142171	0.0117468
0.036200	-0.142423	0.0117577
0.036250	-0.144213	0.0116646
0.036300	-0.143169	0.0118315
0.036350	-0.14209	0.0116884
0.036400	-0.143043	0.0116082
0.036450	-0.144132	0.0115865
0.036500	-0.14458	0.0116646
0.036550	-0.142859	0.0117911
0.036600	-0.14341	0.0117413
0.036650	-0.1438	0.0116363
0.036700	-0.144041	0.0115213
0.036750	-0.142217	0.0113802
0.036800	-0.141781	0.011483
0.036850	-0.143077	0.01129
0.036900	-0.145532	0.0113733
0.036950	-0.146025	0.0113927
0.037000	-0.145199	0.0113188
0.037050	-0.146312	0.0113748
0.037100	-0.148182	0.0113093
0.037150	-0.14902	0.0114709
0.037200	-0.149582	0.0113576
0.037250	-0.151154	0.0114149
0.037300	-0.153058	0.0113591
0.037350	-0.155204	0.0114297
0.037400	-0.155904	0.011456
0.037450	-0.155135	0.0115323
0.037500	-0.156477	0.0112754
0.037550	-0.156167	0.0112633
0.037600	-0.155686	0.011282
0.037650	-0.156317	0.0112405
0.037700	-0.156661	0.0113192
0.037750	-0.156787	0.0111937
0.037800	-0.158944	0.0111637
0.037850	-0.159322	0.0111288
0.037900	-0.158393	0.0112101
0.037950	-0.159517	0.0112099
0.038000	-0.16117	0.0110641
0.038050	-0.160183	0.0111867
0.038100	-0.159173	0.0111662
0.038150	-0.157728	0.0111565
0.038200	-0.157877	0.0110342
0.038250	-0.160011	0.0111224
0.038300	-0.161204	0.0111247
0.038350	-0.159942	0.0110031
0.038400	-0.159311	0.0108918
0.038450	-0.160378	0.0108241
0.038500	-0.15798	0.0108866
0.038550	-0.158565	0.0108657
0.038600	-0.158898	0.0108024
0.038650	-0.159311	0.0107946
0.038700	-0.16024	0.0107295
0.038750	-0.159632	0.0106573
0.038800	-0.160711	0.0106306
0.038850	-0.162477	0.0107798
0.038900	-0.162523	0.0107416
0.038950	-0.164623	0.0107179
0.039000	-0.16398	0.0106526
0.039050	-0.16452	0.0105872
0.039100	-0.163831	0.0105038
0.039150	-0.162867	0.0104771
0.039200	-0.1625	0.0105039
0.039250	-0.162799	0.0105378
0.039300	-0.163131	0.0103798
0.039350	-0.163131	0.0104926
0.039400	-0.160527	0.0104741
0.039450	-0.160481	0.0104506
0.039500	-0.161663	0.0104339
0.039550	-0.160837	0.0105157
0.039600	-0.160952	0.0105416
0.039650	-0.162466	0.0104872
0.039700	-0.162799	0.0103615
0.039750	-0.16289	0.0103449
0.039800	-0.164279	0.0103337
0.039850	-0.166126	0.0102724
0.039900	-0.165793	0.0101671
0.039950	-0.164474	0.0100163
0.040000	-0.164244	0.0100528
0.040050	-0.165598	0.0101487
0.040100	-0.166826	0.0101407
0.040150	-0.168409	0.0100882
0.040200	-0.168179	0.0100837
0.040250	-0.170508	0.0101768
0.040300	-0.172092	0.0101091
0.040350	-0.171426	0.0101358
0.040400	-0.171392	0.0100616
0.040450	-0.171071	0.00998226
0.040500	-0.172654	0.00993204
0.040550	-0.17325	0.00994744
0.040600	-0.172814	0.00988092
0.040650	-0.172688	0.00988744
0.040700	-0.172126	0.00993789
0.040750	-0.17387	0.00973958
0.040800	-0.174914	0.00972554
0.040850	-0.175763	0.0097329
0.040900	-0.177002	0.00972657
0.040950	-0.17551	0.00982398
0.041000	-0.176291	0.00982939
0.041050	-0.177186	0.00978862
0.041100	-0.176153	0.00975514
0.041150	-0.1773	0.00977564
0.041200	-0.178012	0.00977146
0.041250	-0.177495	0.00960985
0.041300	-0.17652	0.0097084
0.041350	-0.175384	0.00975043
0.041400	-0.175384	0.00963696
0.041450	-0.176681	0.00980252
0.041500	-0.176038	0.00989734
0.041550	-0.174891	0.00980802
0.041600	-0.177013	0.00958797
0.041650	-0.176141	0.00966335
0.041700	-0.176738	0.00972539
0.041750	-0.176382	0.00967902
0.041800	-0.175901	0.00955687
0.041850	-0.174788	0.0094725
0.041900	-0.175591	0.00947781
0.041950	-0.177449	0.00944429
0.042000	-0.178792	0.00940325
0.042050	-0.178493	0.00940548
0.042100	-0.178734	0.00943761
0.042150	-0.176979	0.00942708
0.042200	-0.17566	0.00927231
0.042250	-0.177094	0.00924698
0.042300	-0.177954	0.0091142
0.042350	-0.178425	0.00907813
0.042400	-0.17691	0.00919052
0.042450	-0.178184	0.00923956
0.042500	-0.176669	0.00914871
0.042550	-0.179365	0.0091441
0.042600	-0.178883	0.00911126
0.042650	-0.180616	0.00900728
0.042700	-0.183702	0.00919215
0.042750	-0.184241	0.00901028
0.042800	-0.183989	0.00895345
0.042850	-0.182486	0.00882884
0.042900	-0.184895	0.00893428
0.042950	-0.185331	0.00892998
0.043000	-0.186949	0.0089415
0.043050	-0.186329	0.00894753
0.043100	-0.18657	0.00899511
0.043150	-0.187522	0.00898341
0.043200	-0.187522	0.00900079
0.043250	-0.189071	0.00904874
0.043300	-0.190379	0.00892726
0.043350	-0.188429	0.00869802
0.043400	-0.187637	0.00888697
0.043450	-0.189255	0.00898412
0.043500	-0.189897	0.00884221
0.043550	-0.189255	0.00890384
0.043600	-0.189679	0.00893901
0.043650	-0.18875	0.00891424
0.043700	-0.188486	0.00877389
0.043750	-0.188635	0.00879118
0.043800	-0.188842	0.00847234
0.043850	-0.189289	0.00841879
0.043900	-0.190471	0.0086129
0.043950	-0.190092	0.00856933
0.044000	-0.190494	0.00838095
0.044050	-0.18992	0.00847801
0.044100	-0.189645	0.00863523
0.044150	-0.187913	0.00857778
0.044200	-0.189071	0.00859065
0.044250	-0.187672	0.00833808
0.044300	-0.186524	0.00825807
0.044350	-0.188142	0.00835072
0.044400	-0.187087	0.00831974
0.044450	-0.188452	0.00830171
0.044500	-0.187534	0.00818049
0.044550	-0.187132	0.00827556
0.044600	-0.187419	0.00830651
0.044650	-0.188521	0.00829961
0.044700	-0.187488	0.00821187
0.044750	-0.186088	0.00834513
0.044800	-0.185997	0.00821916
0.044850	-0.18423	0.0082813
0.044900	-0.183805	0.00837886
0.044950	-0.183645	0.00830782
