"Time"	"1 highgain"	"SEM"
-0.005000	-0.186114	0.00890836
-0.004950	-0.187597	0.00893689
-0.004900	-0.186813	0.00883689
-0.004850	-0.18678	0.00882879
-0.004800	-0.187694	0.00880642
-0.004750	-0.188199	0.00888719
-0.004700	-0.187973	0.00882068
-0.004650	-0.18764	0.00878084
-0.004600	-0.187866	0.0088105
-0.004550	-0.189166	0.00879768
-0.004500	-0.189145	0.00876403
-0.004450	-0.18966	0.00882487
-0.004400	-0.188543	0.00860129
-0.004350	-0.186909	0.00850615
-0.004300	-0.186071	0.0085709
-0.004250	-0.187071	0.00857619
-0.004200	-0.187887	0.00874704
-0.004150	-0.188382	0.00878135
-0.004100	-0.188618	0.00860924
-0.004050	-0.18965	0.00854757
-0.004000	-0.188532	0.00846567
-0.003950	-0.187081	0.00853286
-0.003900	-0.188704	0.00845142
-0.003850	-0.189102	0.00844642
-0.003800	-0.189467	0.00843922
-0.003750	-0.187791	0.00857017
-0.003700	-0.18706	0.00856199
-0.003650	-0.187275	0.00864891
-0.003600	-0.188306	0.00853678
-0.003550	-0.188414	0.00855593
-0.003500	-0.187554	0.00866991
-0.003450	-0.187651	0.00867635
-0.003400	-0.188177	0.00864065
-0.003350	-0.18764	0.00861374
-0.003300	-0.187941	0.00864175
-0.003250	-0.188554	0.00852771
-0.003200	-0.189972	0.00856069
-0.003150	-0.18965	0.00853052
-0.003100	-0.189316	0.0085416
-0.003050	-0.188134	0.00847272
-0.003000	-0.187328	0.00853075
-0.002950	-0.188715	0.00858013
-0.002900	-0.189725	0.0085405
-0.002850	-0.188693	0.00864188
-0.002800	-0.189607	0.00862768
-0.002750	-0.189467	0.00862383
-0.002700	-0.190574	0.00841967
-0.002650	-0.190262	0.00856018
-0.002600	-0.188457	0.00856266
-0.002550	-0.186243	0.00843576
-0.002500	-0.18706	0.00846197
-0.002450	-0.187984	0.00849701
-0.002400	-0.187694	0.00855826
-0.002350	-0.188145	0.00866973
-0.002300	-0.187984	0.00861282
-0.002250	-0.18778	0.00856197
-0.002200	-0.188328	0.00855065
-0.002150	-0.189177	0.0085504
-0.002100	-0.188253	0.00838265
-0.002050	-0.186834	0.00848306
-0.002000	-0.187533	0.00841624
-0.001950	-0.187157	0.00839741
-0.001900	-0.187393	0.00849646
-0.001850	-0.185244	0.00860921
-0.001800	-0.184438	0.00859549
-0.001750	-0.184019	0.00871644
-0.001700	-0.185609	0.00861478
-0.001650	-0.18547	0.00843247
-0.001600	-0.186737	0.00836713
-0.001550	-0.187114	0.00834541
-0.001500	-0.186308	0.00817293
-0.001450	-0.187221	0.00821208
-0.001400	-0.186909	0.00822918
-0.001350	-0.186813	0.00837671
-0.001300	-0.186426	0.00832883
-0.001250	-0.186394	0.00818007
-0.001200	-0.187898	0.00815175
-0.001150	-0.188091	0.00823532
-0.001100	-0.187414	0.008098
-0.001050	-0.187565	0.00808233
-0.001000	-0.188038	0.00792578
-0.000950	-0.188091	0.00790389
-0.000900	-0.187361	0.00791246
-0.000850	-0.188758	0.00794859
-0.000800	-0.189241	0.00798073
-0.000750	-0.188199	0.00790483
-0.000700	-0.188489	0.00787219
-0.000650	-0.187726	0.00794587
-0.000600	-0.187468	0.00802361
-0.000550	-0.187662	0.00809735
-0.000500	-0.188038	0.0080028
-0.000450	-0.187597	0.00792042
-0.000400	-0.18822	0.00795493
-0.000350	-0.188661	0.00784494
-0.000300	-0.18894	0.00768217
-0.000250	-0.189102	0.00776146
-0.000200	-0.188639	0.007811
-0.000150	-0.188199	0.0077367
-0.000100	-0.188811	0.00771359
-0.000050	-0.18965	0.00782553
0.000000	-0.18893	0.00778154
0.000050	-0.188016	0.00782563
0.000100	-0.187264	0.00769899
0.000150	-0.187866	0.00769545
0.000200	-0.188005	0.0077199
0.000250	-0.187457	0.00762174
0.000300	-0.190122	0.00770607
0.000350	-0.189789	0.00785
0.000400	-0.188854	0.00801889
0.000450	-0.18879	0.0080846
0.000500	-0.188586	0.00796213
0.000550	-0.187909	0.00801465
0.000600	-0.185265	0.00802621
0.000650	-0.186791	0.0081467
0.000700	-0.18822	0.00805248
0.000750	-0.18735	0.00803329
0.000800	-0.188371	0.00795068
0.000850	-0.18965	0.00783367
0.000900	-0.190864	0.00800722
0.000950	-0.188446	0.00791299
0.001000	-0.187619	0.00786288
0.001050	-0.189607	0.00804131
0.001100	-0.191175	0.008126
0.001150	-0.190316	0.00815097
0.001200	-0.188403	0.00814461
0.001250	-0.188027	0.00814449
0.001300	-0.190466	0.00797629
0.001350	-0.190595	0.00794612
0.001400	-0.189467	0.00785553
0.001450	-0.188822	0.00793394
0.001500	-0.186845	0.00792793
0.001550	-0.187178	0.00781951
0.001600	-0.18778	0.00785221
0.001650	-0.187081	0.00797013
0.001700	-0.187554	0.00809981
0.001750	-0.187877	0.00809992
0.001800	-0.187737	0.00804184
0.001850	-0.186114	0.0078695
0.001900	-0.186641	0.007913
0.001950	-0.185523	0.00789896
0.002000	-0.186834	0.00791079
0.002050	-0.186619	0.00804486
0.002100	-0.186232	0.00818879
0.002150	-0.187286	0.00814314
0.002200	-0.187468	0.00798053
0.002250	-0.188145	0.00784301
0.002300	-0.186662	0.0079413
0.002350	-0.187887	0.00788725
0.002400	-0.190079	0.00790709
0.002450	-0.188339	0.00779963
0.002500	-0.188618	0.00776488
0.002550	-0.186748	0.00778335
0.002600	-0.186791	0.00775783
0.002650	-0.187049	0.00777639
0.002700	-0.187414	0.00773948
0.002750	-0.18865	0.00784637
0.002800	-0.187318	0.00789336
0.002850	-0.185276	0.00802128
0.002900	-0.184459	0.00820818
0.002950	-0.185609	0.0081566
0.003000	-0.187554	0.00825948
0.003050	-0.187683	0.00822575
0.003100	-0.186877	0.00819269
0.003150	-0.185555	0.00796792
0.003200	-0.185394	0.00792328
0.003250	-0.184954	0.00792482
0.003300	-0.185813	0.00803483
0.003350	-0.185663	0.0081285
0.003400	-0.185652	0.0082326
0.003450	-0.185545	0.00820714
0.003500	-0.186802	0.00818397
0.003550	-0.186641	0.00835874
0.003600	-0.185953	0.00848679
0.003650	-0.186243	0.0084637
0.003700	-0.187844	0.00823702
0.003750	-0.186942	0.00811378
0.003800	-0.187855	0.0081673
0.003850	-0.186254	0.00827448
0.003900	-0.186695	0.00834932
0.003950	-0.186523	0.00847317
0.004000	-0.185631	0.00852129
0.004050	-0.184427	0.00856404
0.004100	-0.185867	0.00845469
0.004150	-0.185932	0.00852553
0.004200	-0.184524	0.00861616
0.004250	-0.18663	0.00873709
0.004300	-0.186297	0.00865897
0.004350	-0.185631	0.00859905
0.004400	-0.185566	0.00849577
0.004450	-0.18533	0.00872725
0.004500	-0.186802	0.00880803
0.004550	-0.185749	0.00886391
0.004600	-0.183922	0.00887193
0.004650	-0.181988	0.00897
0.004700	-0.182514	0.00901604
0.004750	-0.181945	0.0089992
0.004800	-0.18029	0.00905289
0.004850	-0.179409	0.0090477
0.004900	-0.180011	0.00899661
0.004950	-0.18144	0.00912314
0.005000	-0.182052	0.00906808
0.005050	-0.183213	0.00908391
0.005100	-0.183825	0.00912166
0.005150	-0.181257	0.00924236
0.005200	-0.181945	0.00926779
0.005250	-0.180849	0.00927836
0.005300	-0.353198	0.0267944
0.005350	-1.53675	0.0153015
0.005400	-1.635	0.00937128
0.005450	-1.75299	0.0100506
0.005500	-1.83332	0.0121467
0.005550	-0.807545	0.0260837
0.005600	-0.612597	0.00933322
0.005650	-0.561287	0.00959565
0.005700	-0.457871	0.00963855
0.005750	-0.385338	0.00958252
0.005800	-0.340679	0.00957114
0.005850	-0.312977	0.00956435
0.005900	-0.294699	0.00969576
0.005950	-0.281138	0.00958927
0.006000	-0.270897	0.0096573
0.006050	-0.264278	0.0097929
0.006100	-0.25927	0.00985083
0.006150	-0.256294	0.00996221
0.006200	-0.252726	0.0100331
0.006250	-0.248815	0.0098676
0.006300	-0.244592	0.00981685
0.006350	-0.241282	0.00978894
0.006400	-0.238274	0.00992793
0.006450	-0.236447	0.0100308
0.006500	-0.230924	0.0100341
0.006550	-0.22655	0.0100174
0.006600	-0.222306	0.0100022
0.006650	-0.218244	0.0100863
0.006700	-0.214665	0.0102147
0.006750	-0.206445	0.0102896
0.006800	-0.199428	0.0103053
0.006850	-0.195205	0.0102531
0.006900	-0.191928	0.0102558
0.006950	-0.191691	0.0102381
0.007000	-0.19585	0.0101078
0.007050	-0.202834	0.0101493
0.007100	-0.206101	0.0101984
0.007150	-0.205123	0.0103165
0.007200	-0.207057	0.0102093
0.007250	-0.209078	0.0101553
0.007300	-0.206638	0.010149
0.007350	-0.20017	0.0101175
0.007400	-0.199482	0.010211
0.007450	-0.201212	0.0102614
0.007500	-0.203329	0.0101585
0.007550	-0.204865	0.0101624
0.007600	-0.204027	0.010235
0.007650	-0.201008	0.0103387
0.007700	-0.19917	0.0104409
0.007750	-0.197096	0.0104159
0.007800	-0.19427	0.0101783
0.007850	-0.195184	0.0103098
0.007900	-0.19657	0.0103613
0.007950	-0.197365	0.0104902
0.008000	-0.197838	0.0104772
0.008050	-0.197805	0.0105379
0.008100	-0.197569	0.0106362
0.008150	-0.198278	0.0106579
0.008200	-0.203973	0.0106644
0.008250	-0.207541	0.0106038
0.008300	-0.205059	0.0104374
0.008350	-0.202534	0.0104369
0.008400	-0.204167	0.0105104
0.008450	-0.211216	0.0104645
0.008500	-0.213097	0.0105866
0.008550	-0.200309	0.0108662
0.008600	-0.171307	0.0110399
0.008650	-0.136437	0.0110435
0.008700	-0.116504	0.0110919
0.008750	-0.118041	0.0108779
0.008800	-0.142122	0.0107925
0.008850	-0.177571	0.0106707
0.008900	-0.210861	0.0106811
0.008950	-0.219716	0.0109852
0.009000	-0.197204	0.0112269
0.009050	-0.16299	0.0113197
0.009100	-0.143809	0.0114431
0.009150	-0.151159	0.0117784
0.009200	-0.170168	0.0121894
0.009250	-0.177314	0.0123982
0.009300	-0.161668	0.0127301
0.009350	-0.139091	0.0120691
0.009400	-0.138576	0.0118399
0.009450	-0.17856	0.0125677
0.009500	-0.243872	0.0132315
0.009550	-0.322186	0.0132596
0.009600	-0.404841	0.0136356
0.009650	-0.483156	0.0139847
0.009700	-0.538238	0.0139923
0.009750	-0.562813	0.0134024
0.009800	-0.567777	0.012638
0.009850	-0.565843	0.012156
0.009900	-0.562996	0.0118763
0.009950	-0.562996	0.0117709
0.010000	-0.56378	0.0117625
0.010050	-0.569336	0.0118207
0.010100	-0.573086	0.0117398
0.010150	-0.569636	0.0114747
0.010200	-0.562652	0.011513
0.010250	-0.560825	0.0115848
0.010300	-0.562329	0.0120366
0.010350	-0.556935	0.0123484
0.010400	-0.540172	0.0123665
0.010450	-0.519218	0.0123045
0.010500	-0.497426	0.0122543
0.010550	-0.481264	0.0120975
0.010600	-0.471282	0.012103
0.010650	-0.470895	0.0120527
0.010700	-0.480319	0.0120472
0.010750	-0.490495	0.0120334
0.010800	-0.501595	0.0118536
0.010850	-0.511696	0.0119092
0.010900	-0.518197	0.01198
0.010950	-0.526203	0.012032
0.011000	-0.534079	0.0123237
0.011050	-0.535949	0.0125036
0.011100	-0.530436	0.0126345
0.011150	-0.514157	0.0126889
0.011200	-0.49417	0.0126973
0.011250	-0.471765	0.012699
0.011300	-0.452896	0.0128855
0.011350	-0.435004	0.0129988
0.011400	-0.416264	0.013072
0.011450	-0.396825	0.0129719
0.011500	-0.377494	0.012853
0.011550	-0.36014	0.0128688
0.011600	-0.34372	0.0127865
0.011650	-0.3293	0.0126637
0.011700	-0.31994	0.0128226
0.011750	-0.315266	0.0129
0.011800	-0.312397	0.0130392
0.011850	-0.311032	0.0133088
0.011900	-0.310044	0.0135193
0.011950	-0.311881	0.0135962
0.012000	-0.317598	0.0135845
0.012050	-0.325528	0.0131274
0.012100	-0.330073	0.0129054
0.012150	-0.331116	0.0128445
0.012200	-0.329182	0.0129583
0.012250	-0.324163	0.0129434
0.012300	-0.31705	0.0131341
0.012350	-0.309119	0.0130232
0.012400	-0.29919	0.0129941
0.012450	-0.292163	0.0128167
0.012500	-0.283341	0.0126598
0.012550	-0.273831	0.0126021
0.012600	-0.264203	0.0127826
0.012650	-0.254822	0.0127655
0.012700	-0.243217	0.0129819
0.012750	-0.234029	0.0129248
0.012800	-0.221586	0.0129192
0.012850	-0.213247	0.0128481
0.012900	-0.20623	0.0127951
0.012950	-0.20147	0.0125769
0.013000	-0.195227	0.0125205
0.013050	-0.187017	0.0124301
0.013100	-0.177206	0.0122634
0.013150	-0.169792	0.012431
0.013200	-0.164827	0.0125391
0.013250	-0.159959	0.0127838
0.013300	-0.153684	0.0128973
0.013350	-0.148881	0.0127677
0.013400	-0.144432	0.0127827
0.013450	-0.139145	0.0126371
0.013500	-0.136093	0.0124618
0.013550	-0.131226	0.0122638
0.013600	-0.12797	0.0123509
0.013650	-0.123951	0.0122416
0.013700	-0.12134	0.0120944
0.013750	-0.119094	0.0120682
0.013800	-0.117439	0.0122263
0.013850	-0.117428	0.0125049
0.013900	-0.118696	0.0127578
0.013950	-0.121726	0.0126007
0.014000	-0.124295	0.012481
0.014050	-0.123532	0.0125305
0.014100	-0.12221	0.0125968
0.014150	-0.119577	0.0127158
0.014200	-0.117428	0.0130383
0.014250	-0.114527	0.0132465
0.014300	-0.112109	0.0131922
0.014350	-0.110433	0.0132195
0.014400	-0.109369	0.0132732
0.014450	-0.109014	0.0131106
0.014500	-0.107327	0.0132325
0.014550	-0.105984	0.0131406
0.014600	-0.104039	0.0131789
0.014650	-0.103276	0.0129427
0.014700	-0.105339	0.012483
0.014750	-0.106156	0.0121267
0.014800	-0.106156	0.0120212
0.014850	-0.10174	0.0122788
0.014900	-0.0999773	0.0124682
0.014950	-0.0996657	0.0123429
0.015000	-0.0983332	0.0123658
0.015050	-0.0967321	0.0123341
0.015100	-0.0958832	0.0124902
0.015150	-0.0958402	0.0123721
0.015200	-0.0942284	0.012223
0.015250	-0.0959155	0.0121765
0.015300	-0.0945078	0.012336
0.015350	-0.0904137	0.0127388
0.015400	-0.087738	0.0129799
0.015450	-0.0839448	0.0131566
0.015500	-0.085879	0.0131352
0.015550	-0.0869536	0.0127693
0.015600	-0.0910155	0.0124703
0.015650	-0.0916065	0.0122721
0.015700	-0.0907683	0.0123302
0.015750	-0.0892102	0.0125301
0.015800	-0.0895433	0.0127051
0.015850	-0.0908328	0.0124969
0.015900	-0.0900698	0.012411
0.015950	-0.0897367	0.012432
0.016000	-0.0915742	0.0122642
0.016050	-0.0906501	0.0123538
0.016100	-0.0896293	0.012397
0.016150	-0.0879529	0.012436
0.016200	-0.0885117	0.0126109
0.016250	-0.0898872	0.0126142
0.016300	-0.0908113	0.0125665
0.016350	-0.0908005	0.0123946
0.016400	-0.0890275	0.0121436
0.016450	-0.0887589	0.0120692
0.016500	-0.0893176	0.012235
0.016550	-0.0887481	0.012242
0.016600	-0.0897152	0.0122035
0.016650	-0.0905319	0.0120878
0.016700	-0.0924016	0.0122028
0.016750	-0.0916924	0.0121637
0.016800	-0.0904889	0.0121256
0.016850	-0.089726	0.0120333
0.016900	-0.0895648	0.011989
0.016950	-0.089135	0.0119688
0.017000	-0.0904352	0.0119365
0.017050	-0.091585	0.0119303
0.017100	-0.0926166	0.0120348
0.017150	-0.0914668	0.0119777
0.017200	-0.0913593	0.0119335
0.017250	-0.0926703	0.0118875
0.017300	-0.0925198	0.0119061
0.017350	-0.0914668	0.0118285
0.017400	-0.0924554	0.0118564
0.017450	-0.0935729	0.0118902
0.017500	-0.0937448	0.0118483
0.017550	-0.0930571	0.0118624
0.017600	-0.092638	0.0118447
0.017650	-0.0932398	0.0118704
0.017700	-0.0943144	0.0119339
0.017750	-0.0930034	0.0120622
0.017800	-0.0935729	0.0119163
0.017850	-0.0958617	0.011845
0.017900	-0.0956253	0.0116249
0.017950	-0.0947764	0.0116741
0.018000	-0.0923909	0.0117321
0.018050	-0.0919503	0.0118717
0.018100	-0.0927777	0.0119209
0.018150	-0.0922834	0.011827
0.018200	-0.0917354	0.0118542
0.018250	-0.0910584	0.0117952
0.018300	-0.090274	0.0117564
0.018350	-0.0901236	0.0116623
0.018400	-0.0889093	0.0115915
0.018450	-0.0875554	0.0116231
0.018500	-0.0856856	0.0116428
0.018550	-0.0858146	0.0118046
0.018600	-0.0857823	0.0120064
0.018650	-0.0848797	0.0118507
0.018700	-0.0861799	0.0117027
0.018750	-0.0844284	0.0117464
0.018800	-0.084783	0.0116731
0.018850	-0.0830315	0.0116271
0.018900	-0.0822685	0.0115611
0.018950	-0.0831497	0.0113345
0.019000	-0.0811295	0.0114389
0.019050	-0.0832679	0.0114099
0.019100	-0.0824082	0.0112923
0.019150	-0.081699	0.0112662
0.019200	-0.0811617	0.0113141
0.019250	-0.0792168	0.0113991
0.019300	-0.0786257	0.0114455
0.019350	-0.0779703	0.0113125
0.019400	-0.0784968	0.0113524
0.019450	-0.0765626	0.0114247
0.019500	-0.0777231	0.01152
0.019550	-0.0777339	0.0113842
0.019600	-0.0764659	0.0114621
0.019650	-0.0747466	0.0115281
0.019700	-0.0757352	0.0115948
0.019750	-0.0754128	0.0116854
0.019800	-0.0764444	0.0115518
0.019850	-0.0768635	0.011437
0.019900	-0.0774975	0.0114134
0.019950	-0.076208	0.0114992
0.020000	-0.074897	0.0115321
0.020050	-0.0755955	0.0116004
0.020100	-0.0769279	0.0115752
0.020150	-0.0744457	0.0115477
0.020200	-0.0739836	0.0115509
0.020250	-0.0725974	0.0114944
0.020300	-0.0721032	0.0114548
0.020350	-0.0725437	0.0115302
0.020400	-0.0729413	0.0115011
0.020450	-0.072576	0.0116119
0.020500	-0.0732744	0.0115659
0.020550	-0.0726297	0.0115392
0.020600	-0.0725652	0.0117632
0.020650	-0.0728016	0.0119367
0.020700	-0.0723933	0.0118305
0.020750	-0.0724363	0.0116997
0.020800	-0.0725974	0.0116476
0.020850	-0.0715766	0.0118816
0.020900	-0.0718023	0.0117181
0.020950	-0.0713617	0.0117561
0.021000	-0.0706955	0.0117111
0.021050	-0.0708137	0.0116705
0.021100	-0.0678371	0.0115594
0.021150	-0.0675148	0.0116479
0.021200	-0.0665369	0.0116364
0.021250	-0.0664832	0.0117072
0.021300	-0.0672569	0.0116948
0.021350	-0.0674073	0.0117892
0.021400	-0.0644523	0.0118234
0.021450	-0.0646887	0.0116992
0.021500	-0.0634852	0.0116848
0.021550	-0.0621742	0.0117907
0.021600	-0.0613898	0.0118506
0.021650	-0.0610996	0.0119464
0.021700	-0.0617551	0.0119536
0.021750	-0.0624966	0.01187
0.021800	-0.0617766	0.0117532
0.021850	-0.0610674	0.0119236
0.021900	-0.0611963	0.0119348
0.021950	-0.0603367	0.0119917
0.022000	-0.058424	0.0118645
0.022050	-0.0575643	0.0119347
0.022100	-0.0555441	0.0119822
0.022150	-0.0559417	0.0118818
0.022200	-0.0562104	0.0120047
0.022250	-0.0563716	0.0119314
0.022300	-0.056608	0.0119353
0.022350	-0.0564038	0.0118378
0.022400	-0.0557591	0.0117325
0.022450	-0.0571452	0.0118147
0.022500	-0.0563716	0.0117625
0.022550	-0.0560062	0.0119248
0.022600	-0.0558343	0.0118251
0.022650	-0.058252	0.0118424
0.022700	-0.0575428	0.0119231
0.022750	-0.058843	0.0118666
0.022800	-0.0586496	0.0118713
0.022850	-0.0593051	0.0118017
0.022900	-0.0579727	0.0118835
0.022950	-0.0578974	0.0119279
0.023000	-0.0574246	0.0119196
0.023050	-0.0569196	0.0118174
0.023100	-0.0562104	0.0118456
0.023150	-0.0548887	0.011789
0.023200	-0.0552755	0.0119084
0.023250	-0.0551251	0.0119993
0.023300	-0.0568766	0.0117951
0.023350	-0.0583702	0.0117071
0.023400	-0.0579512	0.0117788
0.023450	-0.05779	0.0119137
0.023500	-0.0581446	0.0118128
0.023550	-0.0586711	0.0117355
0.023600	-0.0580909	0.0116532
0.023650	-0.0579619	0.0115291
0.023700	-0.0588753	0.0115869
0.023750	-0.0587356	0.0116701
0.023800	-0.0577577	0.011661
0.023850	-0.0563823	0.0117924
0.023900	-0.0535455	0.0118698
0.023950	-0.0535777	0.0118858
0.024000	-0.052761	0.0118162
0.024050	-0.0537066	0.0117728
0.024100	-0.055297	0.0117549
0.024150	-0.0527395	0.0117974
0.024200	-0.0529759	0.0118559
0.024250	-0.0531371	0.0117197
0.024300	-0.0525354	0.0117475
0.024350	-0.0543836	0.0115856
0.024400	-0.0545878	0.0114034
0.024450	-0.0553722	0.0114003
0.024500	-0.056565	0.0114771
0.024550	-0.0556838	0.0115255
0.024600	-0.0566939	0.0114123
0.024650	-0.0570485	0.0115155
0.024700	-0.0569518	0.0115076
0.024750	-0.0590687	0.011544
0.024800	-0.0596812	0.0115611
0.024850	-0.0589613	0.011363
0.024900	-0.0593373	0.0114898
0.024950	-0.0589505	0.0112716
0.025000	-0.0592836	0.0111641
0.025050	-0.0617014	0.0113898
0.025100	-0.060111	0.0113058
0.025150	-0.0620775	0.0112103
0.025200	-0.0629586	0.0111589
0.025250	-0.0618948	0.0111763
0.025300	-0.0610459	0.0109303
0.025350	-0.06024	0.0107921
0.025400	-0.0603152	0.0109008
0.025450	-0.0600895	0.0108771
0.025500	-0.0597887	0.0109269
0.025550	-0.0610889	0.010724
0.025600	-0.0622924	0.0105884
0.025650	-0.0630124	0.0104664
0.025700	-0.0641729	0.0105566
0.025750	-0.063324	0.0106426
0.025800	-0.0668056	0.0105766
0.025850	-0.067042	0.0107132
0.025900	-0.0660319	0.0107699
0.025950	-0.0659996	0.0105964
0.026000	-0.0672676	0.0105561
0.026050	-0.0681488	0.01051
0.026100	-0.0683099	0.0103835
0.026150	-0.0689977	0.0102344
0.026200	-0.0663327	0.0103437
0.026250	-0.0686216	0.0103535
0.026300	-0.0695457	0.0103456
0.026350	-0.0687398	0.0103108
0.026400	-0.0671602	0.0103344
0.026450	-0.0673213	0.0103025
0.026500	-0.0683207	0.0102335
0.026550	-0.0695457	0.0101243
0.026600	-0.0695135	0.0101631
0.026650	-0.069363	0.0102246
0.026700	-0.0673751	0.0100976
0.026750	-0.066408	0.0100562
0.026800	-0.0675255	0.010138
0.026850	-0.0664939	0.0101272
0.026900	-0.0667733	0.0100491
0.026950	-0.0663542	0.00991684
0.027000	-0.0666659	0.00982329
0.027050	-0.0664939	0.00989435
0.027100	-0.0676545	0.00992568
0.027150	-0.0677404	0.00979278
0.027200	-0.0683314	0.00966145
0.027250	-0.0680198	0.00978221
0.027300	-0.0677297	0.00976777
0.027350	-0.0672461	0.00970275
0.027400	-0.0691588	0.00965981
0.027450	-0.0684389	0.00959397
0.027500	-0.070674	0.00973744
0.027550	-0.0716733	0.00977617
0.027600	-0.0708996	0.00966537
0.027650	-0.0709211	0.00951538
0.027700	-0.0717485	0.00948456
0.027750	-0.0720279	0.00956707
0.027800	-0.071942	0.00952722
0.027850	-0.0734141	0.00929848
0.027900	-0.0740911	0.00926146
0.027950	-0.0746069	0.00938092
0.028000	-0.0765089	0.00935161
0.028050	-0.0757782	0.00931929
0.028100	-0.0747251	0.00929215
0.028150	-0.0736828	0.00923764
0.028200	-0.0760683	0.00916458
0.028250	-0.0763907	0.00926885
0.028300	-0.0750045	0.00910421
0.028350	-0.0755095	0.00898475
0.028400	-0.0758641	0.00909046
0.028450	-0.076079	0.00916966
0.028500	-0.0776586	0.00926844
0.028550	-0.0789804	0.00933778
0.028600	-0.0818817	0.0092737
0.028650	-0.0814518	0.00918502
0.028700	-0.0827413	0.00919558
0.028750	-0.0833108	0.00918562
0.028800	-0.0861477	0.00915381
0.028850	-0.0860617	0.00908799
0.028900	-0.0850516	0.00900745
0.028950	-0.0853095	0.00907061
0.029000	-0.0859005	0.00901411
0.029050	-0.0864915	0.00894364
0.029100	-0.0882968	0.00913284
0.029150	-0.0883613	0.00907881
0.029200	-0.0876843	0.00896832
0.029250	-0.089178	0.00892785
0.029300	-0.0887589	0.00877101
0.029350	-0.0890597	0.00872221
0.029400	-0.0881894	0.00891244
0.029450	-0.0880604	0.00894829
0.029500	-0.0879315	0.00902425
0.029550	-0.0910477	0.00895028
0.029600	-0.0897797	0.00884733
0.029650	-0.0888448	0.00880568
0.029700	-0.0914023	0.00878433
0.029750	-0.0915635	0.00886938
0.029800	-0.0931646	0.00882128
0.029850	-0.0941854	0.00883632
0.029900	-0.0950988	0.00889915
0.029950	-0.0950666	0.0088182
0.030000	-0.0947442	0.00888537
0.030050	-0.093315	0.00877909
0.030100	-0.0933687	0.00864271
0.030150	-0.0939383	0.00871275
0.030200	-0.0954964	0.00873713
0.030250	-0.0986126	0.0087835
0.030300	-0.0989995	0.00887634
0.030350	-0.098978	0.00877233
0.030400	-0.0997516	0.00875982
0.030450	-0.100096	0.00855167
0.030500	-0.101052	0.00854659
0.030550	-0.100633	0.00875994
0.030600	-0.0999666	0.00890764
0.030650	-0.102664	0.00892672
0.030700	-0.102728	0.00895481
0.030750	-0.103588	0.00889887
0.030800	-0.105178	0.0088911
0.030850	-0.104716	0.0087985
0.030900	-0.104963	0.00874439
0.030950	-0.104276	0.00873634
0.031000	-0.103244	0.00879109
0.031050	-0.105253	0.00869033
0.031100	-0.105769	0.00873782
0.031150	-0.107736	0.00877446
0.031200	-0.109799	0.00878215
0.031250	-0.110358	0.00869659
0.031300	-0.110863	0.00877921
0.031350	-0.1127	0.00877059
0.031400	-0.111883	0.00860307
0.031450	-0.110895	0.00870442
0.031500	-0.11082	0.00859645
0.031550	-0.111454	0.00864893
0.031600	-0.111883	0.00866579
0.031650	-0.115204	0.00857345
0.031700	-0.116988	0.00864626
0.031750	-0.117783	0.00863147
0.031800	-0.117321	0.00880291
0.031850	-0.117331	0.00867694
0.031900	-0.116945	0.00866931
0.031950	-0.116633	0.00860528
0.032000	-0.116783	0.0084904
0.032050	-0.116472	0.00849412
0.032100	-0.116794	0.0084762
0.032150	-0.117815	0.00852203
0.032200	-0.117697	0.00854701
0.032250	-0.118535	0.00850326
0.032300	-0.118857	0.00854256
0.032350	-0.119878	0.00873144
0.032400	-0.119459	0.00856642
0.032450	-0.1189	0.00848298
0.032500	-0.11788	0.00850842
0.032550	-0.118653	0.00842962
0.032600	-0.119599	0.00834849
0.032650	-0.118578	0.00851207
0.032700	-0.118857	0.00861071
0.032750	-0.120609	0.00869572
0.032800	-0.12048	0.0087386
0.032850	-0.121737	0.00869217
0.032900	-0.122941	0.00875147
0.032950	-0.124434	0.00877196
0.033000	-0.12322	0.0088555
0.033050	-0.124671	0.00890109
0.033100	-0.12553	0.00884413
0.033150	-0.125606	0.00883508
0.033200	-0.125487	0.00876801
0.033250	-0.127164	0.00888309
0.033300	-0.128045	0.00898413
0.033350	-0.127862	0.00896584
0.033400	-0.129033	0.00876844
0.033450	-0.130011	0.00884564
0.033500	-0.128754	0.00875471
0.033550	-0.127894	0.00880088
0.033600	-0.128152	0.00870791
0.033650	-0.129732	0.00871997
0.033700	-0.131827	0.0087735
0.033750	-0.132375	0.00881562
0.033800	-0.13316	0.00880363
0.033850	-0.132214	0.00885735
0.033900	-0.133085	0.00888936
0.033950	-0.134127	0.00886159
0.034000	-0.135395	0.00881427
0.034050	-0.137082	0.00884611
0.034100	-0.137308	0.00883496
0.034150	-0.136867	0.00888375
0.034200	-0.138071	0.00895304
0.034250	-0.138189	0.00896447
0.034300	-0.137974	0.00895019
0.034350	-0.139134	0.00896032
0.034400	-0.139339	0.00892924
0.034450	-0.139833	0.00889463
0.034500	-0.140144	0.00876045
0.034550	-0.141004	0.00870788
0.034600	-0.140617	0.00867656
0.034650	-0.141058	0.00872329
0.034700	-0.13994	0.00866515
0.034750	-0.139897	0.00870211
0.034800	-0.139801	0.00860071
0.034850	-0.139897	0.00848669
0.034900	-0.141896	0.00855187
0.034950	-0.14224	0.00852326
0.035000	-0.141595	0.00851236
0.035050	-0.143744	0.00857536
0.035100	-0.142777	0.00860445
0.035150	-0.14224	0.00854971
0.035200	-0.143239	0.00847509
0.035250	-0.144765	0.0083967
0.035300	-0.14555	0.00851418
0.035350	-0.145635	0.00865017
0.035400	-0.147344	0.0084811
0.035450	-0.148762	0.00834776
0.035500	-0.149762	0.00840353
0.035550	-0.148601	0.00853228
0.035600	-0.148537	0.00848933
0.035650	-0.149225	0.00831184
0.035700	-0.150439	0.00834174
0.035750	-0.15132	0.00835864
0.035800	-0.150471	0.00831627
0.035850	-0.152008	0.00827946
0.035900	-0.152008	0.00828859
0.035950	-0.153157	0.00810657
0.036000	-0.154458	0.00808455
0.036050	-0.153802	0.00824436
0.036100	-0.154318	0.00842474
0.036150	-0.155586	0.00825963
0.036200	-0.15535	0.00824329
0.036250	-0.155618	0.0082288
0.036300	-0.15666	0.00819847
0.036350	-0.157069	0.00825154
0.036400	-0.157069	0.00818752
0.036450	-0.156059	0.00819581
0.036500	-0.157015	0.00837156
0.036550	-0.157123	0.00841336
0.036600	-0.15738	0.00825272
0.036650	-0.15838	0.00816389
0.036700	-0.159949	0.00809813
0.036750	-0.159787	0.00802092
0.036800	-0.160583	0.00805614
0.036850	-0.161679	0.00795538
0.036900	-0.162302	0.00805056
0.036950	-0.162442	0.00802311
0.037000	-0.161603	0.00804127
0.037050	-0.162624	0.00794729
0.037100	-0.163183	0.00785958
0.037150	-0.164741	0.00782113
0.037200	-0.1676	0.00782101
0.037250	-0.165139	0.00797381
0.037300	-0.166117	0.00787781
0.037350	-0.165708	0.00790183
0.037400	-0.166471	0.0080007
0.037450	-0.168384	0.00791728
0.037500	-0.168706	0.00791701
0.037550	-0.169921	0.0077649
0.037600	-0.170651	0.00782399
0.037650	-0.169394	0.00805748
0.037700	-0.169222	0.00800841
0.037750	-0.17035	0.00788365
0.037800	-0.171586	0.00791892
0.037850	-0.169792	0.00789802
0.037900	-0.169813	0.0079746
0.037950	-0.168137	0.00790648
0.038000	-0.168889	0.00776526
0.038050	-0.168545	0.00778605
0.038100	-0.17092	0.00774426
0.038150	-0.173542	0.00769159
0.038200	-0.173811	0.00772073
0.038250	-0.171403	0.0078046
0.038300	-0.172048	0.00786921
0.038350	-0.172156	0.00777188
0.038400	-0.173187	0.00769506
0.038450	-0.173649	0.00765864
0.038500	-0.174294	0.00758913
0.038550	-0.17423	0.00748609
0.038600	-0.173778	0.00742773
0.038650	-0.173811	0.00757874
0.038700	-0.173628	0.00755189
0.038750	-0.175444	0.00761274
0.038800	-0.176862	0.0077064
0.038850	-0.177808	0.00767005
0.038900	-0.178614	0.00776678
0.038950	-0.177937	0.00760009
0.039000	-0.178291	0.00744473
0.039050	-0.178775	0.0074408
0.039100	-0.178205	0.00751325
0.039150	-0.177991	0.00754455
0.039200	-0.179022	0.007569
0.039250	-0.179828	0.00735732
0.039300	-0.18058	0.00741124
0.039350	-0.179269	0.00748148
0.039400	-0.179635	0.0074891
0.039450	-0.179291	0.00752234
0.039500	-0.17985	0.00747511
0.039550	-0.180709	0.00743708
0.039600	-0.181139	0.00744608
0.039650	-0.181483	0.00741556
0.039700	-0.182837	0.00732441
0.039750	-0.184782	0.00751086
0.039800	-0.183525	0.00755984
0.039850	-0.183406	0.00750165
0.039900	-0.184588	0.00733844
0.039950	-0.184116	0.00729744
0.040000	-0.184642	0.00746067
0.040050	-0.185072	0.00736775
0.040100	-0.185308	0.00732163
0.040150	-0.186512	0.00716884
0.040200	-0.186823	0.007306
0.040250	-0.188532	0.00744998
0.040300	-0.187457	0.00736318
0.040350	-0.188296	0.00744529
0.040400	-0.188779	0.00752012
0.040450	-0.189005	0.00752828
0.040500	-0.188564	0.00749247
0.040550	-0.188038	0.00752171
0.040600	-0.188328	0.00743525
0.040650	-0.186179	0.00746622
0.040700	-0.186308	0.00740371
0.040750	-0.186372	0.00734972
0.040800	-0.188145	0.00720446
0.040850	-0.189059	0.00717943
0.040900	-0.188145	0.00728176
0.040950	-0.187232	0.00714005
0.041000	-0.188822	0.00719222
0.041050	-0.190101	0.00729585
0.041100	-0.190531	0.00729238
0.041150	-0.188392	0.00716705
0.041200	-0.188661	0.00718793
0.041250	-0.188253	0.00725744
0.041300	-0.188801	0.00731085
0.041350	-0.190026	0.00736987
0.041400	-0.189166	0.00736217
0.041450	-0.190047	0.00740753
0.041500	-0.191089	0.00738329
0.041550	-0.191444	0.00722812
0.041600	-0.193368	0.00718736
0.041650	-0.193045	0.00722944
0.041700	-0.192476	0.00710094
0.041750	-0.193625	0.00728203
0.041800	-0.194431	0.00730232
0.041850	-0.194163	0.00720222
0.041900	-0.193754	0.00721907
0.041950	-0.19427	0.00724287
0.042000	-0.196398	0.00721904
0.042050	-0.195141	0.00720044
0.042100	-0.195828	0.0070765
0.042150	-0.194421	0.00716018
0.042200	-0.193776	0.00713017
0.042250	-0.194464	0.00708419
0.042300	-0.196462	0.00716097
0.042350	-0.196495	0.0071422
0.042400	-0.196204	0.00722557
0.042450	-0.196838	0.00712
0.042500	-0.198171	0.00698571
0.042550	-0.198773	0.00713673
0.042600	-0.198418	0.00718911
0.042650	-0.198912	0.00708531
0.042700	-0.198633	0.00710276
0.042750	-0.201115	0.0070331
0.042800	-0.201212	0.00716031
0.042850	-0.200202	0.00721271
0.042900	-0.200513	0.00740297
0.042950	-0.199772	0.00729749
0.043000	-0.200707	0.00722243
0.043050	-0.201266	0.00716309
0.043100	-0.201728	0.00712817
0.043150	-0.201212	0.00705916
0.043200	-0.20104	0.00707294
0.043250	-0.19989	0.00720654
0.043300	-0.202985	0.00731315
0.043350	-0.202448	0.00735357
0.043400	-0.204113	0.00734276
0.043450	-0.203146	0.00722577
0.043500	-0.202448	0.00715045
0.043550	-0.20147	0.00718563
0.043600	-0.200804	0.00719662
0.043650	-0.201534	0.00726259
0.043700	-0.200492	0.00720654
0.043750	-0.201878	0.00716102
0.043800	-0.202297	0.00702948
0.043850	-0.202695	0.00697068
0.043900	-0.202705	0.00690933
0.043950	-0.203135	0.00696255
0.044000	-0.203286	0.00693165
0.044050	-0.204016	0.0069396
0.044100	-0.204876	0.00689873
0.044150	-0.205596	0.00685086
0.044200	-0.205811	0.00692794
0.044250	-0.205456	0.00698251
0.044300	-0.205661	0.00693671
0.044350	-0.206262	0.00694264
0.044400	-0.209346	0.0068454
0.044450	-0.208927	0.00680395
0.044500	-0.208959	0.0067252
0.044550	-0.208401	0.00674227
0.044600	-0.207648	0.00677838
0.044650	-0.208121	0.00676154
0.044700	-0.208121	0.00660024
0.044750	-0.208014	0.00662804
0.044800	-0.206327	0.00663799
0.044850	-0.206348	0.00670995
0.044900	-0.207401	0.00679162
0.044950	-0.207734	0.00685935
